0.8940813639371995
0.8401512504173425
0.7634799946064332
1.0
1.0
0.8197956372346722
0.9819662012563952
0.8673902764337487
0.9529174875365674
0.7783702588697629
0.7034076030512968
0.9681357069001978
0.7706138302285103
0.9269742970279181
0.8592459284402999
0.6813001030647049
1.0
0.9391200204731103
0.9591936457469517
0.9146507076343248
0.8921125505453752
0.9394984219530723
0.9646779047333148
0.8099276487532844
0.5557877418269073
0.8324990060669916
0.8065263493904399
0.9793197863209875
0.6835804010945102
0.9132315675075684
0.6530799794107818
0.8130822820780224
0.8902982823669239
0.5402281563516157
0.9760512400309616
0.9213752413692693
0.8504564968527488
0.8861706766233526
0.5688434568624574
0.5812002333527851
0.4504308588542121
0.5798024546194711
0.7330573426184066
0.9895148199038528
0.9905379828080054
1.0
0.7402174248200861
0.8432829516704247
0.7871672542817285
1.0
0.8583088135682332
1.0
0.781534073669414
0.9229423767597325
0.8232934734741326
1.0
0.7094027529182311
0.569300666903577
0.9752855779578532
0.45528492089664674
0.9079136973555868
1.0
0.8201335923061854
0.8470353967678945
0.44635933367453595
0.8543090917694005
1.0
0.8218038532811066
0.8726230798024621
0.8409417899173408
0.7577829907219192
0.8014984014545938
0.7759349852018923
0.74049955951492
0.5121682331341573
0.6551403285344853
0.9832809014834889
0.9845142439279144
0.8611343620429965
0.6309087182389874
0.59856124310889
0.9064608900880828
0.9367416627214911
0.8301757691408719
0.8542637643266342
0.6407810608297166
0.9240509501871081
0.7284581327654671
0.8113596666700909
0.9515229299506186
0.7402779086968009
0.5279668762854182
0.9205533731458531
0.92901561218635
0.5934408221894897
0.8255994102203545
0.7561098723232981
0.7741470670408642
0.8493076626813115
0.9396530492788225
0.7204683890376669
0.6725944187955222
0.9150062029560804
0.6631386127524375
0.9918579210579843
0.9891136649869037
1.0
0.75
0.8423177473018117
0.7122391952626463
0.8812739302752826
0.8765877625117363
0.9038023720489217
0.75
0.6921759296425469
0.667187592365813
0.9834583808080002
0.9380319520218402
0.9750444815009729
0.2945550520686623
0.8626898655595728
0.4683611079064052
1.0
0.7311881036079753
0.9325399929039753
0.8065896584587586
0.9678078100173511
0.9135747425080186
0.9746892192662753
0.7895749442721398
0.6772331494640536
0.8034705891503653
1.0
0.8150591673410824
0.9556461146484417
0.9083179956700491
0.9289535661110371
0.8823299473601423
0.33548185620945137
0.6485993627697769
0.9778654563826417
0.9237053412168421
0.75
0.2691831536258702
0.9832314188428051
0.9317962796885513
0.8392493213837404
0.6129204531815126
1.0
0.5781806803920151
0.8531661515835317
0.937541571158296
0.7415253125257417
0.8330374320506748
0.8126294110123956
0.6188868135959769
0.9205692219285608
0.7906830302072749
0.5279944486244452
0.817059426978525
0.9373996685494209
0.9639611541597359
0.8747224933735585
0.9562302413810961
0.7688350350780381
0.9275748829298729
0.6414014498005511
0.9111819906724539
0.8551617890396644
0.7659183472471459
0.75
0.6582199998531858
0.5327700747536948
0.8244738074103282
0.9092327768301214
0.5723739609631472
0.46530759348095996
0.9741503553822268
0.8938390508411841
0.842243919815314
1.0
0.9187892521627679
0.6677112122395359
0.8274492577438448
0.6839308833734087
0.9182397258535487
0.7929493983789119
0.9735324907352155
0.917950477046769
0.9829526610378261
0.9723552323693859
0.805362984645031
0.8289585008758937
0.9639810452624606
0.8818887838094172
0.9267424731170804
0.86239025053592
1.0
0.9911569598411222
1.0
0.87892066286299
0.8119080468177485
0.7811143418305322
0.9528296837142363
0.7754594864970906
0.8668356404149431
1.0
1.0
0.6601863347882287
0.8355767822757958
0.9166535522451106
0.5973917427562779
1.0
1.0
0.9675408855396043
1.0
0.9767210455600532
1.0
0.9711126885525987
0.6993439242539181
0.761540663542212
0.8150547045943138
0.9371878650296004
0.9044041493854225
0.5316130459851747
0.8566193586136397
0.9235786838603925
0.39142648309734707
0.7817189824045219
0.8829176576863953
0.8638832707179154
0.7464337223197165
0.9357161811722796
1.0
0.6575279341983483
0.862445045622005
0.8599038291551004
0.8623537224331044
0.9516203059321457
0.8630220350759482
0.690346047487263
0.9316593577614665
0.9128465997201697
0.5978056517372206
1.0
1.0
0.964023290890861
0.43294154752045566
0.9526439446056325
0.9212913390145994
0.8279095357280257
0.7517583616378157
0.9668516653303647
0.5222546290612511
0.7578721384464702
0.9747592191120651
0.8849801314483421
0.75
0.6591181982574953
0.6901993958470274
0.9504888605772102
0.8287635062683631
0.6477175179546375
0.7760584970179177
0.9715828017578985
1.0
0.2970162098179002
0.4200357453606495
0.9538700541581461
0.8945634077122993
0.959481406006628
0.7888986880645882
0.9448562054796815
0.6871672542817285
0.8614790550306687
0.951627771575338
1.0
0.6505008124825475
0.9683468226831972
0.9175555765799726
0.6903950194618743
1.0
1.0
0.9304727212782078
0.810130116217582
0.9313403618337628
0.9876305122668712
0.847349553800059
0.9237476696571754
0.8455366311515247
0.8848052880346012
0.792853799988261
0.6346554842361078
0.8744801514758643
0.4562902623399093
0.8705896711989698
0.9908211366316133
0.7113766995342966
0.8130884101882427
0.804907701400149
0.85813067529483
0.8442796482065763
0.9346332180883183
0.9001914532014347
0.8963263919984849
0.7611652755087029
0.5571703968764607
0.9533060697349972
0.8624143953724482
0.9017878851092415
0.5073648197864729
1.0
1.0
0.987585998404906
0.681944840705893
0.8312432482838824
0.8574811688105735
0.9343481782039511
0.8297127553193681
0.9294110371146751
0.9090127932588818
0.8412563909437443
0.6292393713681831
0.8599942275061766
0.9092922241830793
0.8573413243002632
0.4823872477054629
0.922013019235384
1.0
0.9542946737477143
0.9680939611572492
0.8705273283725186
0.9567535917683115
0.9366560485803388
0.8000509728190466
0.8703086177522638
0.9451094935777371
0.8675398371782015
0.9702990089396986
0.4405986815261119
0.8974478617719401
0.7423623297282063
0.8251627013907029
0.9288519056896614
0.7084912603998621
1.0
0.5702742206650993
0.6602184038635475
0.8637953518651755
0.899916825570634
0.8464976594671161
0.47422766260513793
1.0
0.7383698883936693
0.8736756841009488
1.0
0.7802572346117886
0.9827716695277394
1.0
0.8711388564474698
0.9387631684965486
0.9731411516148325
1.0
0.45165240379902366
0.6837720508743141
0.8419354208171739
0.5231757536621029
1.0
0.7027298115046557
0.5207310599488093
0.8745925219793054
1.0
0.6832017972308448
0.7819881985530815
0.15338969005778666
0.7106687935876289
1.0
0.8136911442372452
0.8865239062122539
0.937534234297493
0.45419829165881487
0.8562839997356277
0.8986661896307256
0.9344717759559116
1.0
0.8136177021178361
0.8725970842697321
0.7878621493067842
0.7369164734575318
0.5453324857550697
0.967520576772174
0.886656363667456
0.6296285186651785
0.6684722437728058
0.5152461391852463
1.0
0.7421163190821665
0.9069897582412312
0.9773339441442196
0.8729551183918767
0.9052488215213825
0.6165243256763082
0.8590392988392332
0.6695828832694563
0.8173439056790418
0.8490895760885533
0.8573035869715475
1.0
1.0
0.9081955441121968
0.8576907958190576
0.8753354749000023
0.7237220060737587
1.0
0.6306633403591322
0.8749535173377475
0.6794883825449225
0.863116669429977
0.7280506431447534
0.2943380338034104
0.9262437062936887
0.9481677349980642
0.47783847883102404
0.9484075877693163
0.5794410328899782
0.1560639876223121
0.7731645424667307
0.7388415875774295
0.8802894204009535
0.591162985807506
0.9300848410196411
0.27176855466127936
0.7720528111965914
0.5684709250996365
0.46805715819339566
0.9332029944405882
0.9167996768138303
0.9666188273161451
0.9732966898016872
0.8730408882128324
0.7795146883375746
0.3156125055802959
0.7536999215291591
0.8506285616959668
0.8888508760628705
0.9078577734157371
0.9216184171333647
0.8514034732570896
0.9485360069206327
0.646706710867561
0.7372231597205918
1.0
0.6601258816181584
0.20823902029590777
0.7698175048942855
0.779202109183891
0.9265312095726601
1.0
0.5980191485488302
1.0
0.7968152453515707
0.9592164796978215
0.9153903058926673
0.9478879835919585
0.16896900597283437
0.9247026927006682
0.8119658133746306
0.9873681902852036
0.9870977636152091
0.7466192871467662
0.7539414566878373
0.7676633648978417
0.8832435073032203
0.8317473001883633
0.41266791571136463
0.7944626861751506
0.8902842515936994
0.9298991392168352
0.3517125737459788
0.29128695620550077
0.6635921999468647
0.9768034105524293
0.8208252825829607
0.8754407909556329
0.8484375779731015
1.0
0.8372217330621453
0.9420144013180078
0.7035898468273265
0.8903013714368223
0.9315636502187039
0.9521522598878547
1.0
0.5364729681546758
0.9383688213901841
0.4550544404957191
0.7255927817341834
0.7292004482747881
0.695435795907072
0.7595106514635115
0.8500181094800074
0.9841974283224264
0.7871151167243005
0.9615900456041069
0.8730039332228756
0.7407049486056243
0.8617369847273361
0.8876319995278046
0.5866040469160042
0.7701257664358254
0.894975236455066
0.75
0.8800493955491364
0.850723266290274
0.8780333786535521
0.5151845213628624
1.0
0.7829025135329639
0.9163981862550641
0.9104485734347831
0.8902533534785839
0.9727896280910199
0.9696539556676025
0.40125631566610487
0.8301920988104531
0.820347942419324
0.7958296871023003
0.6776907093535651
0.9264249182914449
0.8555614001431159
0.8728464989131188
0.790753145947739
0.8127400413940786
0.7658880413683122
0.7235464255535076
0.9039068424721184
0.5276028041553331
0.6235998086113336
0.8196547461074623
0.8067892504690892
0.7666385668102531
0.4797423213866026
0.7899047500544161
0.5793817797252276
0.5373207417540631
0.8615195817303336
0.940667224012745
0.3951021315062595
0.2236278538955242
0.6301834967272839
0.9397326317952392
0.8037513559374574
0.6431505149836565
0.6984284504465612
0.9867233755766469
0.8882700838163213
0.9150197801658244
0.9684767228938227
0.6771486558300649
0.9244058084035314
0.3902830218289144
0.4472904172425852
0.848284604305107
0.8060112897615921
0.7527899654079552
0.8856352982588414
0.6718069092100956
0.9301324507987234
0.6392775043596078
0.5391560308117276
0.812858791935086
1.0
0.9441621812828832
0.9752761039283759
0.44909258331904567
0.5744992628081651
0.6681781623010817
0.9249124903169748
0.9410087250283439
0.8873769377243269
0.8531248953125459
0.974387719823664
0.46703648937504577
0.592102282770029
0.548972179510331
0.9660898620910937
0.9322901632161398
0.838262217544386
0.956594831199459
0.4285117421660657
0.9157870573795954
0.7898073668151944
0.8679540659849833
0.4583011020803178
0.8875724997240793
0.12409106124614117
0.9072066264100489
0.6466896412970287
0.64875023942467
0.877177040486617
0.8275388565101969
0.44069391535779767
0.6634005009024612
0.853670416794311
1.0
0.650194502980362
0.9810296914408054
0.6786197819001544
0.8553982905441864
0.5729373915265571
0.9425064172160933
1.0
0.7862284804735544
0.8886713972936738
0.9864075642098957
0.9714181963061841
0.8593779272378271
0.684599543905692
0.6036865254894134
1.0
0.6411159935259257
0.6393487936591546
0.9197009325596772
0.5899906175191433
0.8146670698946641
0.929658241776977
0.924451693228981
0.7540251555058985
0.8907882495287857
0.5767179887112407
0.8402569725385622
0.9268667187336912
0.8854253545349301
0.8247267778911707
0.5044756687750792
0.8149751826438609
0.9445504702021685
0.975147342626876
0.87863165214678
0.9158013920744372
0.5748995111770305
0.9403388225821171
0.8067371466697629
0.8216833839172308
1.0
0.46555158673806574
0.7729899326434874
0.8988376971696302
0.9330416588135915
0.4516409603752859
1.0
0.9047630820232155
0.7531086617893517
0.7421344016589515
0.7679845170115192
0.5656403033589426
0.9042612589489095
1.0
0.8323497540986111
0.8342793074277561
0.5760178236029552
0.8870147083401142
0.8409417899173408
1.0
0.8649007572947625
0.6341848497534569
0.7856836911539272
0.6472160288919788
1.0
0.7388813320675073
0.8355754292145327
0.9078404488457095
0.6821637087002822
0.9097385227776462
0.4005409052631712
0.9068562900129464
1.0
0.875134785121796
0.8731669567049078
0.7353307481147113
0.75
0.8942485975721415
0.8062513281822886
0.8031158860806319
0.9936346076372792
0.75
0.9376732661855188
0.9095606330379766
0.9376284020198226
0.834399334930128
0.8470964310564928
0.9648616305501778
0.9386805534794056
0.9425459870158707
1.0
0.9376380217896262
0.4472528812355695
0.9703351918648951
0.9132268326888469
0.889605225495555
0.8377824167185561
0.6081150938937333
0.8394852460379406
0.71399310478929
0.9124541663128987
0.9473264567644872
1.0
0.9462345564333674
0.860505967894343
0.8993351810154938
0.8121146262193786
0.794955985604057
0.8502920763057324
0.33324702357506397
0.7437746558253577
0.9792146168262167
0.7947512668366313
0.8777214025020906
0.8348987599950755
0.9549730768149712
0.7226369457343529
1.0
0.7316330704048135
0.9918799461723448
0.9792669373770291
0.9761359013724035
0.6937897142253211
0.5836095784110747
0.9068345502475279
0.8234901459098145
0.5542633283973866
0.8409417899173408
0.8146844266722204
1.0
0.9631728873809561
1.0
0.6664376957842398
1.0
0.795438082292348
0.8706483023373568
0.9681890173134355
0.900560382114755
0.75
0.8364596163862508
0.8160403365106426
1.0
0.901457970047377
0.4375693048578399
0.5653212769018874
0.8202841933584466
0.9039241763231906
0.457837976038047
0.5661776972163823
0.9629202041379032
0.9292363315577159
1.0
0.8249250503515025
0.8155135729637986
0.9469517525843304
0.8933756775204853
0.8716889705681083
0.7896731374918272
0.9374234151597969
0.791483956899893
0.6430663952652066
0.8932951442721366
0.7284024497489043
0.7803377236449961
0.7491657970730116
0.8501333881112729
0.9260247674648379
0.847548455758957
0.6430340828405691
0.9202768426282385
0.7343765965102693
0.7057010171596504
0.8775489910903251
0.8953265170114035
0.9184522640664009
0.429789975412476
0.9603207558638895
0.9305139247800795
0.6178132862272451
0.9568287480359667
0.48962190080865303
1.0
0.7960560543132565
0.9544051044596265
0.7831046059672166
0.7667033996728965
0.48767884578178666
0.8842285943565972
0.8925541294727914
0.4563465230415229
0.8667529603990064
0.7671759478137304
0.8601330237593747
0.8788100182344221
0.9783662902073494
1.0
0.5017004819545993
0.705970298973539
0.6251851070106816
0.855017829863459
0.6930396462326132
0.4287772057740563
0.5308889804825374
0.41515953900469604
0.9632685571596232
0.9341433582168455
0.9723503091674975
0.8772130975441551
0.7498600901743521
0.4129735370168503
0.9853308372204457
0.5892032532061529
0.9045098474046698
0.8016716787386465
0.16478000524991757
0.8176425436005551
0.9661050028610727
0.8092922270355023
0.9011668445052425
0.858135284441506
0.8836794478687819
0.6955105292282004
0.8724010033294312
0.9019117158057515
0.8866241339246597
0.8506574207616224
0.8351313064542668
0.9085809009153971
0.7671241387248083
0.9335460149177588
0.9069985977656541
0.8066772869413291
0.8321184624737098
0.8400238323507564
0.9216063727095756
0.844431774143483
0.9058518022914867
0.8229223307731921
0.9037046424474261
0.4782106732535765
0.9540200897572985
0.9267086991746942
0.5301303493608246
0.8863145847949078
0.5289900699717808
0.6071439976570037
0.911279966957852
0.8641215260862865
0.9469760844290428
0.43856609577207517
0.8489871327945081
0.8008585278345614
0.8272593336033607
0.9472367837298212
0.8153446899395865
0.49088496248729274
0.8156358893621934
0.9873843707630354
0.9179651870394163
0.9166009341105856
0.9887032157097524
0.9870454579305151
0.8448179475703523
0.9768184067043815
0.8606017737791136
0.9261773499815948
0.962592938198003
0.8526636747863329
0.8838894929527755
0.41363569141278733
0.8388588013345631
0.7340086393608649
0.8088134627333635
0.5418156521550541
0.9722874202715426
0.60074122598277
0.9218589580364567
0.8040151506280834
0.3330762999471142
0.7514452729517522
0.8902755982707257
0.9518502900326031
1.0
0.8662858684865947
0.5217618090180782
0.8804376137348233
0.652676704528635
0.9038658221296321
0.9464387752845055
0.8946950650990833
0.9068850298373794
0.9818152129594577
0.9271076988641065
0.6555749480162049
0.9383169456763276
0.9346000914665092
0.949279258349352
0.8045178359400414
0.8461260853483594
0.8091930037857566
0.6589702269590632
0.9226697201497516
0.9185191487913386
0.9038046030638941
0.9169450146707124
0.7011943069697939
0.8598099480182093
0.9635854801794994
1.0
0.9590642120706826
1.0
0.9734645341133673
0.622107967128003
0.534619111458056
0.931920877467115
0.7195475946974003
0.7796410682282354
1.0
0.7563648733260384
0.41262855249889574
0.9907479175153605
0.8232328884573679
0.6277249072568969
0.9581796742430422
0.9711282328646424
0.8948345053750487
0.33337129813632294
0.9827716695277393
0.7722713815748583
0.7738851685307626
0.9216583914152066
0.3816272904587726
0.7111117591806079
0.9841849350171756
0.442390217627606
0.6061730181659402
0.9173018521333274
0.8274183428872103
0.8309811799713088
0.7707072489009639
1.0
0.75
0.8111828424379006
0.843779318772997
1.0
0.75
0.7150922033353273
0.8792276810283545
0.9647137167075192
0.6371401540984492
0.8571328899599852
0.633496409116038
1.0
0.921315484876831
0.8144661663003014
0.8324360049742274
0.9512537190578187
0.8787510032251438
1.0
0.9217123485292877
0.9316473042103746
0.8443809418539001
0.9419068559215742
0.7164413983906737
0.6465310142097459
0.8798959427962544
0.9683076773633585
0.8920834842749907
0.8148304197978664
1.0
0.8656080130514062
0.47935238600220437
0.75
0.8462135972968138
0.9562465002234182
0.8627674853892573
0.8686411818384585
0.962453655835612
0.8656835122972528
0.6905287913623097
0.916603698175847
0.4661937629074857
0.5112592096281359
0.8529281917448707
0.8325874836818922
0.5288038455314561
0.5071920735305587
0.9166318045184021
0.8424462229374001
0.9673668312034222
0.5073031078697385
0.9601565470732163
0.8880882580161599
0.9367970708225403
0.6466137929465646
0.9032375275725903
0.6235808303573346
0.908664727081419
0.9494801595638747
0.7636485911233052
0.9546241200534065
0.9009584364582043
0.780225422056771
0.5640015623180099
0.6842110236462853
0.7772821284478046
0.9798261336627121
0.7512380593038126
0.9625908728857302
0.9690182559382476
0.7420255686924506
0.914568173455512
0.9193043490772328
0.8801344833485863
0.8490507687281502
0.7822577570888394
0.7225521326380016
0.6345187346914837
0.9414878788608951
0.69101091994623
0.8023300764305676
0.8386875942843207
0.8088254246484654
0.7043741602606799
0.3802909065755393
1.0
0.6703449453469056
0.8639666537090147
0.542048832880099
0.8835061242853693
0.6808551705202484
0.7704459895200704
0.8877433687080379
0.946431730249306
0.9079475131152265
0.8548132377152665
0.7219844469781251
0.944735507639973
0.6980815537995616
0.9086542739667807
0.5410976193335555
0.7514594600807758
0.7104166303896943
0.8104896759415467
0.7242428351194854
0.855505123221568
0.4535997958132494
0.8916436720708196
1.0
0.48144702183183974
0.35585646837820767
0.856297748489547
0.7307288270546751
0.560809475265568
0.8455744507765856
0.6169315757949789
0.7322892222278969
0.8417587554528291
0.3414154189696823
0.9221920239671572
0.8986572225165091
0.49212697512367654
0.8491393301577291
0.88775046900738
0.867848229317226
0.6599317222364065
0.8107533848330493
0.8535210036555148
1.0
0.9267323720451696
0.8725623136659268
0.9067109395711761
0.8813730085662899
0.9465561816702601
0.6792969966377267
0.9081217959234402
0.9113661659512766
0.9538162399579581
0.75
0.5456207489480742
0.7505535840561719
0.8471779943293898
0.3763439597875207
0.9072547851613966
0.8193679190176655
0.6313326440517132
0.9209824556142908
0.9035812666698635
0.9065643622662021
0.8853006344094316
0.9402638838364518
0.9312004091814694
0.5767398945610259
0.8913726781545358
0.5984205369578057
0.9166709858879467
0.894983705120561
0.900471351453565
0.6981534142399886
0.8120582418283624
1.0
0.8320101525458592
0.41165279736862587
0.9091113022965112
0.8348214830194184
0.9609727655412121
0.9382481825165082
0.7928990908092588
0.8668488700371595
0.7497432173122147
0.6744068039277872
0.6717056781845521
0.5613157336749958
0.6936714399989301
0.9139676787069676
0.856407151606287
0.9367636264524735
0.9453991654052797
0.7425888861935791
0.9775309568365562
1.0
0.7699492279115226
0.87660824254736
0.836680930871766
0.9305952479045143
0.9305717886501441
0.8986611731128813
0.9643369929345399
0.7533223672187057
0.8373253494425947
0.8528114718061415
0.27144876645568927
1.0
0.75
0.9268588826966031
0.7260485800478609
0.9133114763724859
0.8070446678721814
0.7507751952692409
0.5878510939064974
0.9890612027002679
0.851696099266314
0.6092477172264682
0.9396574847540622
0.9360917139121601
1.0
0.8121262603246766
0.712562040739231
0.890177068441477
0.9689383415646592
0.7843864727827605
0.4456151886385258
1.0
0.7390887908497391
0.4262604480691704
0.9776040019177483
0.9628412750063594
0.7280278085251018
0.7159054543040984
0.555146889765733
0.981900956142987
0.9270685684295843
1.0
0.6050484154369649
0.8853322713331144
0.9194141425914735
0.9303897350784798
0.445871466544866
0.6607887647223493
0.9327833308227091
1.0
0.9379942163327106
0.5080877817243579
0.6776644327756607
0.8795931538584614
0.9335376720978269
0.6423082835404833
0.9223844866984409
0.7541574246687197
1.0
0.8854364429187884
0.7132433007809276
1.0
0.8496433599966109
0.964449987177083
0.7700732835719912
1.0
0.8952655807771288
0.941248482992381
0.6422355993054534
0.8683321430091843
0.8712653829773274
0.9416485368495889
0.7551359703376809
0.7448941965253763
0.9139564753136393
0.8399384148071235
0.5031225381018298
0.8797465569210015
0.4105737456214913
0.775665007378166
0.842943771695337
0.9281723394132295
0.8636981822462061
1.0
0.9015380328018507
1.0
0.8797400347249349
0.8904926064987455
0.9709988669380654
0.9847947156170511
0.7229872979187899
0.6705094117782695
0.8847742248730487
0.8927488646904895
0.9810430158362415
0.318088253921397
0.6823514154402892
0.8606116771958608
0.9030506617444938
0.7362409527951385
0.5140761401004688
0.8184392196744994
0.8283303394058243
0.7682299365317863
0.6345600021612265
1.0
0.7185063115007148
0.6373257321911634
1.0
0.6413239591152542
0.7589947482999875
0.8825789568569631
0.7956113706948826
0.6436429183205339
0.6646334889431702
0.566694696822329
0.8964759301454337
0.8391107166427525
0.8991766538760202
0.9077751373554153
0.9428771464585847
0.9194231618252281
0.8850107834055205
0.9962395302527262
0.9406894343173484
0.75
0.5400055097273233
1.0
0.931826860447585
0.8472858597734538
0.7531591865881655
0.37186776451360104
0.4582824869733672
0.9760512400309616
0.5148923354417458
0.713753647376093
1.0
0.6073298137139473
0.9127927227932007
0.681826860447585
0.8691488034664804
1.0
0.9415875260529846
0.4626370606994631
0.7017860490381881
1.0
0.5735116879461972
0.907497752403816
0.9331257077413713
0.9439875036381131
0.8247438258695137
0.9291348816977699
0.5594651564888793
0.9827413261436834
0.8672623036556795
0.6188434568624575
0.7366722742448333
0.917501331653142
0.9023339160361546
0.9659367517585835
0.6925904469428178
0.6966495570204593
0.8479563412591209
0.9647547042922295
0.9932937516803999
0.811711269691966
0.8320877582863166
0.8144158290116424
0.522699582806957
0.6011488660352455
0.580201902675457
0.9761243903408761
0.8276701376531882
0.89631034063076
1.0
0.8531736878647271
0.5881621853004788
0.4751788316399943
1.0
0.9703778339003518
0.8687074353636639
0.909075050015372
0.9151521284826712
0.9303650116303095
0.8690689106614488
0.9248181222192176
1.0
0.6215033969142219
0.9418245458968193
0.8849025225273044
0.9383417501502728
0.6367363019641588
0.9024678917735048
0.7106938182426986
1.0
0.75
0.9640669265030816
0.8109925853504095
0.75
0.9575767293292723
0.9197670183861067
0.8962252760181915
0.9176717762948298
0.6445223539395651
0.5361763314301488
1.0
0.8124802577605329
0.9732996667453852
0.8587242100679587
0.9121431637902858
0.4283700829253978
0.9180089649841375
0.9361217197700498
0.8391530883787082
0.49364821802332537
1.0
0.6985335286491914
0.9580638895790303
0.9307339287709897
0.7873902118214274
0.9047290032811875
0.9907241132149416
0.9469517525843304
0.7464715194841949
0.40188102805986636
0.9253242106416011
0.9150704134204084
0.82653884407928
0.6030389908968743
1.0
0.602020704084835
0.8636114711146788
0.9190359837035261
0.6429849049246898
0.8379137895577573
0.408411945851904
0.9380365295202939
0.876069818757377
0.6842148113539068
0.4633328232945826
0.8708633133409878
0.9178375394459202
0.9332950903566624
0.6786218808790042
0.6587045680092163
0.813486369581323
0.8547153238751646
0.5123998716422017
0.8281966768450642
0.9400123787404946
0.2654011295223356
0.5238127764077278
1.0
0.6376629732805164
0.8487446046358156
0.8564095677605101
0.9326366632043209
0.9533048160704974
0.8807413443920178
0.6793113860101565
0.5437715249174094
0.5632118169058917
0.8561880347849966
0.7466320485701289
0.7484921587149418
0.8417826999694105
0.9101748364266242
0.7059864696256175
1.0
0.9864582524398777
1.0
0.8846464151725523
0.6883688213901841
0.9278264789046201
0.9581783683393073
0.8521791725303383
0.8358687855363606
0.9580441511187558
0.7099258615130113
0.7240238219299122
0.75
0.885096232610789
0.9319477702866636
0.8782693887842807
0.7523355313681453
0.9173950744723806
0.5469897737658976
1.0
1.0
0.9672495632142508
0.47473477228112737
0.8768501619802849
0.6959404024958629
0.9213088800957207
0.8968264242685802
0.8222307035189131
1.0
0.8520110817343931
0.991287780536602
0.7815103958408027
0.9927446190599127
0.9047860691246976
0.8989189631929692
0.7823223153260923
0.7759946976713283
0.6030350545608933
0.6841887219540863
0.7913040005662074
0.9811441978959743
0.6108198967948711
0.8807788423307131
0.9060688905719254
1.0
0.8812509992904115
0.6062460905251146
0.8532073751875624
0.8325701506663448
0.6576956506352853
0.9187277827243783
0.8154900882221441
0.8578251465729158
0.9347133427325379
0.8139427235823465
0.46160658067361315
0.7678902628227331
1.0
0.9122563384433702
0.8705370156469298
0.9087760700289448
0.9207658349686959
0.8972915084366215
0.9365711585449255
0.6981152247660369
0.8891482273187173
0.698555558109314
0.4458823379719109
0.9127888815867178
0.8282253006984075
0.9874705169905964
0.8412815675560621
0.9519359868740617
0.5980617921212283
0.9385527540360478
0.9567320885897268
0.8960002778164821
0.7215905233622042
0.9311641193890181
0.22678414569515207
0.40638668204081013
0.8170789408590742
0.9071983824460983
0.9081840128436127
0.7123996796900788
0.6824768278606164
0.6923884420753122
0.8049969170510868
0.9830081544000386
0.9152446001219898
0.7218165717891282
0.9327570273776593
0.3482309368266311
0.9519284074148302
0.524093926985503
1.0
0.6764072820981761
0.7023793378423882
0.9414529218491936
0.629674762586647
0.9558891869779689
0.8717524269319106
0.8479174643077642
0.9353442260925053
0.9454480560149483
0.9382412702324732
0.9241174566711472
0.9119317993030095
0.9721636143570678
0.8366472565840319
0.7462175183093069
0.5751696243253546
0.5167501310611431
0.9686257293927362
0.984055728252754
1.0
0.8103387819162063
0.7456779550749758
0.8338772964444808
0.9039627547723313
0.8559555898716581
0.8154997983858245
0.8602130278285136
0.6242557440302208
0.848284604305107
0.9221249374800445
0.7937033361837051
0.837756823944686
1.0
0.861037291248504
0.8744138265573995
0.9768344208824397
0.75
0.991117846425559
0.9379298106167886
0.9578002304744209
0.92366336260516
0.9904380104618092
0.7733571902802913
0.9468360826767446
0.6154480014943098
0.8316964649480457
0.4968460124788948
0.9768034105524293
0.8869483901046594
0.8641336898833346
0.932365525964562
0.615985753346798
0.819980515129769
0.687174636616644
0.33816978722560687
0.4865573952864499
0.9793876376422684
0.9495700832295787
1.0
0.555090727344703
0.9384676767813365
0.9469506108577923
0.7383933127111078
0.7018241953732864
0.75
0.6857906041987651
0.8405807728009266
0.8144838861298689
0.8649538053293708
0.9216032372736287
0.9020539972517466
0.7706498559005709
0.9529557805191551
0.8860105391602295
0.8425501049866675
0.7450117784664503
0.8474665134502434
0.974455162548299
0.8031947612923118
0.8518751946169416
0.6274574205678645
0.8670571162889625
0.9265355946993465
0.8984343383223584
0.803747156040033
0.9232081740109088
0.7787541542754391
0.6280379462258131
0.9861467336485508
0.8413385266121712
0.7835994443576582
0.8767291004081894
0.8890878840438718
0.6413538527847611
0.9752539148003966
0.9468259303467532
0.8354675090357381
0.9054383383163312
0.669475174856262
0.9022616787504268
0.819865980478687
0.6129006272995287
0.631131154581678
0.8258247345365738
1.0
0.5430795492905105
0.9549730768149712
0.8687785323512973
0.8374062885832705
0.9623514420118003
0.7535939768332802
1.0
0.9306455445274284
0.9245289231480115
1.0
0.9220353886687811
0.9111408238673208
0.9415079046900376
0.9544440865007193
0.9122930233988598
0.8926135128511269
0.8702228654193052
0.9879253185421253
0.8593085538319111
0.8603656137996214
0.9453843142229201
0.9887568633548559
0.6545766105233017
0.9359971258337021
0.8398531923701842
0.8875463890965807
0.5921404997177443
0.9112249604160851
0.8078176965691323
0.8190192484860904
0.5413791039924019
0.6871087235750357
1.0
0.9004811493856318
0.6488506441060511
0.7883431501366827
0.8033414009261223
0.881074594583384
0.6018814839843075
0.9918666759697026
0.7365539141563381
0.665449847868329
0.8986846695029989
0.7188560655622411
0.5013308597549058
0.9514252703296939
0.9549730768149712
0.9438028783978646
0.8440322951520413
1.0
0.8381856956746705
0.7840830873919282
0.7520072306487418
0.8669242238989153
0.75
0.841881489492514
0.9104821307358283
0.5981043762118491
0.8541576850717973
0.7960649168538342
0.917375800731653
0.9690447307943268
0.5665285807140779
0.8271183104714003
0.8814312210148447
0.9111898354015756
0.758410033988548
0.8842265265777645
0.8747974189690186
0.7516363785725487
0.8832451796466343
0.9712165828146289
0.7928974408186049
0.8652995598752621
0.6383932389037003
0.455895177309745
0.7226563841900471
0.7267375453873762
1.0
0.5557115793868646
0.9382153461773062
0.19593620372770215
0.886618201689923
0.75
0.7175330433142968
0.7227548322225159
0.329201472598875
0.9926963790225544
0.4442817420935914
0.7844289164993025
0.4326919867121237
0.7432999365946495
0.9051809614643849
0.5555744858174682
0.9340030520663402
0.6993439242539181
0.6960718717531981
0.7970559504595794
0.9143754472581269
1.0
0.8874043294928325
0.9151515107976669
0.7898280577310541
0.7988266362400803
0.7246608096864131
1.0
0.4068401150584591
0.9406386836792521
0.8428921116643987
0.7954139990299531
0.6552900867289013
0.9626706921477303
0.937529232822188
1.0
