0.8940813639371995
0.8276167824745251
0.897618165629158
0.8456873749492421
1.0
0.4423175132973131
0.6384799946064332
0.681650274156708
0.6362250634639637
1.0
0.6752548125069772
0.9769573991402436
1.0
0.8414998950244493
0.4199527825563534
0.8197956372346722
0.8197956372346722
0.8246793569354234
0.9819662012563952
0.7466790310571783
0.7464977567131661
0.8673902764337487
0.8416452364073647
0.6266204768510164
0.9529174875365674
0.9529174875365674
0.6624376658077313
0.7783702588697629
0.7783702588697629
0.7785512318322082
0.7034076030512968
0.6805360497792524
0.770323649733232
0.9681357069001978
0.9478629035913526
0.9516020636191382
0.7706138302285103
0.6020077194916261
0.7235361781596557
0.8466490035412463
0.5052777985497924
0.5085757354334817
0.8592459284402999
0.7995397340919538
0.8013694516811457
0.6813001030647049
0.6968014785997979
0.7105487245174247
1.0
0.9492230975282128
0.8908029301178829
0.9391200204731103
0.9014125171439543
0.8748891652582722
0.9591936457469517
0.8637824075403697
0.8461897264856784
0.9146507076343248
0.7589385989190615
0.9146507076343248
0.8921125505453752
0.9201752703296939
0.8042611952161873
0.9394984219530723
0.9084776296864568
0.9084776296864568
0.9646779047333148
1.0
0.8446911029379167
0.8099276487532844
0.7821142167533098
0.7804113567398602
0.5557877418269073
0.5557877418269073
0.5557877418269073
0.8324990060669916
0.8080635452141327
0.7627753917868041
0.8065263493904399
0.7930039720062415
0.476321249532185
0.9818152840981915
1.0
0.9924521642030919
0.7028111703252795
0.6841553187996351
0.6729981250505092
0.9132315675075684
0.907064654300741
0.907064654300741
0.6530799794107818
0.6530799794107818
0.690731104842985
0.8130822820780224
0.8083848702357044
0.6304103097030342
0.8902982823669239
0.8902982823669239
0.8926342010670425
0.5402281563516157
0.5329575655953854
0.5038903566025116
0.9760512400309616
0.8345489177370168
1.0
0.9213752413692693
0.9213752413692693
0.9213752413692693
0.8504564968527488
0.8223321024860551
0.8256884333884442
0.8861706766233526
0.7983721273693473
0.8280065550165207
0.5688434568624574
0.4933201759356804
0.5425644785299082
0.5812002333527851
0.5900057128463758
0.6645756095124776
0.4504308588542121
0.396363003061157
0.42629034695283374
0.5805444712388353
0.5798024546194711
0.5805444712388353
0.7330573426184066
0.7816927491695332
0.7816878129607752
0.9895148199038528
0.9057955305173515
0.9253696979373717
0.9905379828080054
0.5684166277959954
0.9718967174530768
1.0
0.9889189041116262
0.9889189041116262
0.7061265157291771
0.7343308279267654
0.9027506315772222
0.707181284748752
0.7052997370702624
0.7072098091317872
0.7871672542817285
0.6168982042465734
0.6969250133445117
1.0
0.8888318201616531
0.9566253710178919
0.8583088135682332
0.8870365866306716
0.8470769968351924
1.0
1.0
0.8770294174463208
0.781534073669414
0.7883530850562975
0.727540082042651
0.9229423767597325
0.9206756042471141
0.9345644931360031
0.8232934734741326
0.8232934734741326
0.9506056681859703
1.0
0.8536123333915625
0.9698782738962679
0.67658501366999
0.6889296928340123
0.20941896533108417
0.569300666903577
0.5529591744549663
0.548589347974649
0.9156286400586758
0.9156286400586758
0.9079548665054106
0.45528492089664674
0.41215554664255555
0.45528492089664674
0.9079136973555868
0.8865409650383793
0.9046189178054913
1.0
0.7450299987240736
0.9544117639172663
0.8201335923061854
0.7694562668572991
0.8353374213767812
0.8470353967678945
0.8100159204102109
0.8336761109996548
0.44635933367453595
0.9881793081124057
0.9147095300016552
0.8543090917694005
0.834844006534464
0.8617082072439662
1.0
0.8054753399540596
0.7396584306689935
0.8218038532811066
0.7981694546204411
0.8089323027754073
0.8726230798024621
0.8865733967982155
0.8726230798024621
0.8409417899173408
1.0
0.8409417899173408
0.7577829907219192
0.7854888992843726
0.7430771083689781
0.8014984014545938
0.8177761536653909
0.8020696867792105
0.7759349852018923
0.7619916799865036
0.6820192551918944
0.8200015714642765
0.7571045745408416
0.28067027994806926
0.5121682331341573
0.75
0.5440205817061148
0.6551403285344853
0.5330447836082652
0.5405837157329016
0.9832809014834889
0.7254582659506785
0.7236914365476468
0.9305017087821837
0.9341597031672979
0.9340917397407935
0.8922831723290144
0.8675588846794853
0.8051880100166603
0.6309087182389874
0.6278979779808762
0.6382188464831043
0.59856124310889
0.570690548027788
0.570690548027788
0.9064608900880828
0.8687553649363171
0.771643828497105
0.9367416627214911
0.8990520589671178
0.8427016595670214
0.8301757691408719
0.8301757691408719
0.828496422203036
0.8542637643266342
0.7862320554643121
0.7863219049710501
0.6407810608297166
0.6371466048247019
0.6327693699388838
0.9240509501871081
0.8986209156125191
0.9212416128592602
0.7284581327654671
0.6091244044152511
0.7264230102870801
0.8113596666700909
0.7882423079835603
0.7997514365572533
0.9515229299506186
0.9272452170676235
0.9497920840921499
0.7402779086968009
0.6369275921764641
0.4901833087811216
0.5279668762854182
0.5284321734370221
0.49064095894829585
0.9205533731458531
0.9205533731458531
0.8839988582581165
0.92901561218635
0.9107489980765253
0.9107489980765253
0.5934408221894897
0.5953710584509225
0.5934408221894897
0.8255994102203545
0.747568902331964
0.7951914461703977
0.7561098723232981
0.7422209834344092
0.7561098723232981
0.7741470670408642
0.7741470670408642
0.7741470670408642
0.8493076626813115
0.839354739502268
0.8107317715724538
0.9396530492788225
0.9344822620613461
0.7299122228302881
0.7204683890376669
0.7109983968715672
0.7170503672690604
0.6725944187955222
0.6688155264056934
0.6720263233531927
0.9150062029560804
0.898312532630511
0.898312532630511
0.6631386127524375
0.75
0.5935712281885216
0.9918579210579843
0.9918579210579843
0.9828149033543101
0.9891136649869037
0.9688292050084072
0.9809826668822846
1.0
0.8153134557079011
0.9787608567342467
0.75
0.6339544073178458
0.6061730181659402
0.8453619619156757
0.8096929483032695
0.8735677473018117
0.7122391952626463
0.7219628827363158
0.7088242170149616
0.8812739302752826
0.9100580431458991
0.8902716350365416
0.8765877625117363
0.8839126971422957
0.9182196208545237
0.9038023720489217
0.806910416448584
0.8841438946218786
0.75
0.5203033312124108
0.514863559261719
0.6921759296425469
0.6901706188181324
0.6641527111024956
0.667187592365813
0.667187592365813
0.13112257201100042
0.9834583808080002
0.9135943951860298
0.8763276708033233
0.9380319520218402
0.8439179618913956
0.9212824036404863
0.9750444815009729
0.8578922248076024
0.7805199264254312
0.2945550520686623
0.6579944676584312
0.39407986173548903
0.8626898655595728
0.78931834681165
0.7877012371312007
0.4683611079064052
0.4441917760303227
0.4616225503062182
1.0
0.9539639119165799
0.9819662012563952
0.7311881036079753
0.7119273858330453
0.7119273858330453
0.9325399929039753
0.8860451774720774
0.8860437982977565
0.8065896584587586
0.8065896584587586
0.7277700098166581
0.9678078100173511
1.0
0.9254881015827907
0.9135747425080186
0.9100689157329915
0.9111459420167609
0.9746892192662753
0.9080253961742593
0.9080245778031724
0.7812714587392792
0.7140848077373688
0.7796692004461304
0.6772331494640536
0.6127408430368239
0.7631672876681204
0.8034705891503653
0.8034705891503653
0.8168798287706953
1.0
0.5375153793984483
0.915449847868329
0.8150591673410824
0.8402514627374921
0.8308964796240426
0.6554747438776661
0.726095436006705
0.35660755341637396
0.896487528775097
1.0
0.8252042856829708
0.9289535661110371
0.7654247051053045
0.7654558039532098
0.8823299473601423
0.7052835146394746
0.6291729222269146
0.33548185620945137
0.5175873445217024
0.7117884240876918
0.6485993627697769
0.75
0.6061462330746141
0.9778654563826417
0.9778654563826417
0.8437979781109357
0.9237053412168421
0.9235825778538462
0.9046018942766956
0.75
0.6871672542817285
0.7075546101228211
0.2691831536258702
0.5112067692418176
0.20864112177455657
0.9832314188428051
0.9773518584166684
0.9286117344772211
0.9317962796885513
0.9321484668301697
0.9163856273074845
0.8392493213837404
0.8132178919326868
0.8424769670777577
0.6129204531815126
0.6129204531815126
0.7753518288935108
1.0
0.8919757175274575
0.5353234606077546
0.5781806803920151
0.5781806803920151
0.5798561604480501
0.8390840116673766
0.492346672394209
0.4002083529474548
0.937541571158296
0.937541571158296
0.9038227990711906
0.7415253125257417
0.6499610330304478
0.7514982339309587
0.7366255650677093
0.7503665664937145
0.13097141810044827
0.8126294110123956
0.7525525243831335
0.7739967867852792
0.9576663943106842
0.6188868135959769
0.6397359891801038
0.9205692219285608
0.9396520505705842
0.7365652162410026
0.7906830302072749
0.7747188628428145
0.7855543573201247
0.75
0.5491210128204284
0.5375710680202239
0.817059426978525
0.810668939949176
0.8242628532499665
1.0
0.8910459307036067
0.8865476696481718
0.9639611541597359
0.8722897024619526
0.9568907691236787
0.8747224933735585
0.7538484373226723
0.8747224933735585
0.9562302413810961
0.9460687648059587
1.0
0.7688350350780381
0.7615568655028836
0.7433046858448792
0.6832365676915684
0.7399643380253366
0.6865793104547091
0.6414014498005511
0.6414014498005511
0.6169480208284546
0.9111819906724539
0.9209643042534587
0.901819599051613
0.8551617890396644
0.9582585609090221
0.6876228637220352
0.7659183472471459
0.6654722027726909
0.7507785107617918
0.75
0.6431591076507156
0.6222911558512053
0.6582199998531858
0.598638349529692
0.6184433928828377
0.5327700747536948
0.5327700747536948
0.526948454471102
0.8244738074103282
0.8116179185274814
0.6901333659202565
0.9092327768301214
0.7311315800283826
0.8744876098203287
0.5723739609631472
0.8858214349625853
0.08118443467587591
0.46530759348095996
0.36652503955575777
0.36652503955575777
0.8695307560943992
0.6829585751375113
0.5774409745820599
0.8938390508411841
0.8938390508411841
0.8859432780196764
0.842243919815314
0.8531093656997466
0.8722729423821414
0.8511637767385983
0.8511637767385983
0.8866754621666431
0.9714624341989833
0.966602729760232
1.0
0.656131247189121
0.6034329610392141
0.8905165486356214
0.8274492577438448
0.7520238485736785
0.8272700596893192
0.6839308833734087
0.5852509553541818
0.4043547375269485
0.8202989296336234
0.877204455363572
0.8304960872185974
0.7973685104815947
0.4145088221687194
0.36269867392421307
0.9735324907352155
0.9466756672003453
0.6809031711915345
0.917950477046769
0.9593534690104295
0.9300391366678057
0.9829526610378261
0.9532606499925407
0.3404513084141606
0.9723552323693859
0.8888348904527809
0.9442800054532536
0.805362984645031
0.7610002609842814
0.20558420317289616
0.8289585008758937
0.8307544561812055
0.8097795087860074
0.7935966476062284
1.0
0.7952234180045454
0.8818887838094172
0.9724121064347188
0.9292765915331327
0.9319862147170568
0.9293305027593239
0.9293305027593239
0.86239025053592
0.7954022695531542
0.8579022695531542
0.8201658363541094
0.8204328533985632
0.08657644954973588
0.9911569598411222
1.0
0.5591125984792101
1.0
0.9517860490381881
0.8535826460864251
0.87892066286299
0.8632200371980929
0.8290617415240089
0.8119080468177485
0.7989781397726143
0.8276300844704647
0.7811143418305322
0.9368025875922398
0.7128338359843029
0.9528296837142363
0.9420127376192763
0.8662666620304826
0.7754594864970906
0.7187577035825917
0.7170629027358109
0.8668356404149431
0.819300307644575
0.02946656762913128
1.0
0.8877843423000846
1.0
1.0
1.0
0.8577797009996243
0.6601863347882287
0.6147499431255935
0.638418540596914
0.8355767822757958
0.8124216270283479
0.3011991442721924
0.9166535522451106
0.7176702147902472
0.8960925339587157
0.5973917427562779
0.5985045955029928
0.5952500516167404
1.0
0.9482818038830956
0.9245827914081987
1.0
0.9811807709096187
0.7575095687274338
0.9675408855396043
0.9362665714587376
0.8284293868306221
1.0
0.972822463734691
0.9728224637346908
0.9767210455600532
0.9767210455600532
0.9405684705452538
1.0
0.9886901351586689
0.8758157217990675
0.9711126885525987
1.0
0.7800098645851007
0.6993439242539181
0.592437342409126
0.5928359800354246
0.761540663542212
0.7083836045000355
0.7103943684716074
0.8150547045943138
0.8464661159729285
0.7558994817780967
0.9371878650296004
0.9227867349859269
0.8854856693152606
0.9044041493854225
0.9044041493854225
0.8504140589391833
0.5316130459851747
0.9269980806713071
0.31083317775268193
0.8566193586136397
0.8089045781990296
0.8125869120880469
0.6356250217525414
0.6473711705147117
0.6361677256879835
0.39142648309734707
0.39142648309734707
0.47783847883102404
0.7608856490711885
0.7844323050217437
0.7817189824045219
0.8829176576863953
0.8958282405853571
0.895880666863349
0.8638832707179154
1.0
0.794973533257809
0.7464337223197165
0.7523035292483026
0.7631311423147115
0.9357161811722796
0.8400091789557084
0.7057315730356535
1.0
0.9447775142129334
1.0
0.6575279341983483
0.5812067993397417
0.6340188255379947
0.862445045622005
0.754219728695762
0.7212277530449206
0.8500827290710031
0.8888433833170917
0.886689668508408
0.8623537224331044
0.8280979091977403
0.8608653901764252
0.9516203059321457
0.7556044255433649
0.7584099222130251
0.8630220350759482
0.8652091930172799
0.8697388500707266
0.521926932804559
0.43964890481286306
0.0632170442826902
0.9316593577614665
0.9287082128711736
0.915845382390706
0.9128465997201697
0.9128465997201697
0.879664507403555
0.4263168458892635
0.1949053391319213
0.3300994142503271
1.0
0.8345580162590993
0.8764342428249048
1.0
0.7314486204239321
0.7479179203238799
0.9461661480337182
0.9537910604499543
0.964023290890861
0.43294154752045566
0.42926767048781445
0.4333341370316905
0.9526439446056325
0.7496018971308872
0.9211933701337839
0.9212913390145994
0.8964810551407514
0.909672576166626
0.6823459649597854
0.69924956232325
0.8157409374326662
0.7517583616378157
0.7517583616378157
0.7497893521908386
0.9668516653303647
0.8168727851735208
0.9668516653303647
0.5222546290612511
0.4661376711228913
0.5504927466871443
0.7578721384464702
0.7741752561133425
0.6235402693132555
0.5491073062826602
0.5491073062826602
0.5490575155134473
0.8849801314483421
0.8849801314483421
0.8417051828926643
0.75
0.5080877817243579
0.531531132814403
0.6591181982574953
0.5586970034020138
0.5586970034020138
0.6901993958470274
0.6895163851419123
0.6938847277705752
0.9504888605772102
0.9118843968440569
0.9504888605772102
0.8287635062683631
0.8328513374891419
0.8056716993249199
0.6477175179546375
0.6228891494246311
0.6477175179546375
0.7760584970179177
0.7376220725611621
0.7175041824589177
0.9715828017578985
0.9122554477263934
0.8891278271108825
1.0
0.9105126098222911
0.9675981641954869
0.2970162098179002
0.2947765096860989
0.295487212446589
0.4200357453606495
0.4045048555856116
0.47555056273357077
0.9538700541581461
1.0
0.9527623525524391
0.8945634077122993
0.8919993128100699
1.0
0.959481406006628
0.6739848257828633
0.6763392981395553
0.7888986880645882
0.7605471857122956
0.7846910692661884
0.9445535767371166
0.9077756221663851
0.09519224826484989
0.6871672542817285
0.75
0.49487938998431447
0.8614790550306687
0.6661509275448434
0.7342080534727344
0.951627771575338
1.0
0.9106357099903661
1.0
0.7563910565824198
0.8225244320857399
0.6505008124825475
0.6216124707127715
0.6357879505627451
0.9683468226831972
1.0
0.9683468226831972
0.9175555765799726
0.9138221945356324
0.9067198486461093
0.6903950194618743
0.6137647188526325
0.7276040019177483
1.0
0.8585151406162204
0.8728751409292371
1.0
0.9541999081674825
0.9541999081674825
0.9304727212782078
0.9013616105073475
0.9085105245837432
0.810130116217582
0.6644492048433471
0.7601174144001048
0.9313403618337628
0.7717272110024741
0.9078822080133104
0.9876305122668712
0.9724148307417622
0.9789723775865917
0.8562781252286304
0.9783808012790465
0.7575035322175925
0.9313234272329329
0.9037303937424369
0.9134351847200499
0.8455366311515247
0.8090583978009243
0.7916601133997883
0.7575166370257429
0.7562580686079163
0.7065542122938588
0.792853799988261
0.7730500472988725
0.7526605660115387
0.6346554842361078
0.75
0.5659719425669825
0.8744801514758643
0.8744801514758643
0.7509347150992163
0.4562902623399093
0.5586137553319245
0.6212853682555954
0.8705896711989698
0.6405296528284438
0.8404942414005774
0.9908211366316133
1.0
0.9599772098578785
0.7113766995342966
0.7113753575441617
0.7061083878754344
0.8130884101882427
0.7509463289676679
0.08105270585816646
0.9638752846557952
0.804907701400149
0.7847258082440851
0.85813067529483
0.8609081967034181
0.85813067529483
0.8442796482065763
0.8440445643193225
1.0
0.9346332180883183
0.9191512388688075
0.9061644849388331
0.613223574807614
0.612784843526911
0.6102901509432236
0.8963263919984849
0.5473696364904775
0.7764626130191887
0.7611652755087029
0.7357614323178956
0.3505977519839033
0.5571703968764607
0.75
0.5392256528989585
0.9533060697349972
0.601125367643061
0.8336083482929935
0.8624143953724482
0.8044088414505229
0.8639076898368641
0.9017878851092415
0.8955005754122106
0.8845763519217716
0.26629633996917906
0.5062742970005227
0.5062742970005227
1.0
0.8371911620598708
0.5708620177960797
1.0
0.9328739188446276
0.9720600195526534
1.0
0.9321237925167567
0.7156808287650369
0.681944840705893
0.604576951881825
0.6542229373224189
0.8312432482838824
0.8312432482838824
0.813520698945665
0.8574811688105735
0.8574811688105735
0.018190964454859126
0.9343481782039511
0.9487017557093557
0.9487017557093557
0.8297127553193681
0.7977549241032844
0.7890378718979656
0.9294110371146751
0.9294110371146751
0.9294110371146751
0.9090127932588818
0.9060358162592979
0.8291278183282056
0.8107449025416649
0.7919947457689668
0.9643426483530627
0.6292393713681831
0.7734186831398173
0.7852208255128511
0.8599942275061766
1.0
0.8060726934086043
0.9092922241830793
0.986960653212842
0.9093445296180283
0.8573413243002632
0.8730975804187324
0.7873590664140842
0.3860361809235189
0.75
0.3703305979787787
0.922013019235384
0.9240347067863679
0.9228445108542649
1.0
0.9826904184719407
0.9910117798178933
0.9542946737477143
0.4603532641939129
0.7583905235234447
0.24860462238149664
0.5646052189276183
0.13686545689208324
0.8705273283725186
0.8226599693218768
0.5889422526434949
0.9567535917683115
0.7918037565169147
0.8024425013835994
0.9366560485803388
0.9171360312647843
0.9171360312647843
0.8000509728190466
0.830825381896455
0.7900721584622372
0.8703086177522638
0.3166866864239841
0.8556350601055992
0.9451094935777371
0.9476214057532285
0.9159995491751671
0.8675398371782015
0.9346058689507075
0.7650450706769142
0.9825547423373245
0.7443746257237689
0.7460649054727978
0.4405986815261119
0.46147166477177803
0.4405986815261119
0.5055065497274525
0.46044110754847123
0.5056198257541238
0.7423623297282063
0.6943184852629588
0.6071945408990642
0.8251627013907029
0.8136826109974074
0.7140066522914026
0.7542771596455928
0.7542008338909493
0.9766519705452178
0.7084912603998621
0.7042487725511701
0.7194131847056007
1.0
0.8465265715202497
0.9259516690921342
0.5702742206650993
0.5702742206650993
0.75
0.6602184038635475
0.6561566437104529
0.05748352722094
0.8331390054526899
0.8332823893457519
0.44517573105715413
0.899916825570634
0.9010765779141484
0.8875963118472489
0.8464976594671161
0.8510441852407447
0.8464976594671161
0.47422766260513793
0.47272868672326274
0.47272868672326274
1.0
0.8842537220913922
0.9715828017578985
0.7383698883936693
0.7383698883936693
1.0
0.8736756841009488
1.0
0.8736756841009488
1.0
0.9048234656062313
0.8879777387985222
0.7802572346117886
0.6707517594726793
0.6707517594726793
0.9827716695277394
1.0
0.762146703630809
1.0
0.8339522331433579
0.8683799748412402
0.8711388564474698
0.9110309228110468
0.8663350496322592
0.9387631684965486
0.9157108394281892
0.9157108394281892
1.0
1.0
0.04050863258794308
1.0
0.9215826698612494
0.8856938222178736
0.45165240379902366
0.75
0.4604941850173592
0.6837720508743141
0.6837720508743141
0.6837720508743141
0.8313050031824253
0.7187700519706621
0.5585998858842423
0.5231757536621029
0.5231757536621029
0.5114554154487336
1.0
0.9629529907264722
0.984314134696068
0.7027298115046557
0.4843963051697312
0.6291477110854179
0.5207310599488093
0.5207310599488093
0.4326635768877863
0.8745925219793054
0.8175255470899847
0.8396212016801422
1.0
0.9631758885635537
0.5810030031298821
0.6832017972308448
0.6839182549178942
0.6397885270691102
0.7819881985530815
0.7365399213325526
0.8384220935671722
0.15338969005778666
0.15338969005778666
0.515135346905031
0.7106687935876289
0.7780834639574463
0.7105821175139511
1.0
0.6296937438407402
0.26284458137663386
0.8136911442372452
0.6912350315280571
0.7203912940313385
0.8865239062122539
0.8623065069878184
0.8715250838629234
0.937534234297493
0.937534234297493
0.937534234297493
0.45419829165881487
0.6796574384524109
0.641779062928916
0.8562839997356277
0.8538727295679398
0.8587600235790818
0.8223710104899543
0.8226259484990479
0.8856674787446206
0.9344717759559116
0.9284435783583578
1.0
0.5072521364027412
0.1578819458061565
0.1578819458061565
0.8136177021178361
0.7682008183360852
0.9066452246565753
0.8725970842697321
0.8725970842697321
0.8725970842697321
0.7878621493067842
0.7374094493802745
0.7350634548028477
0.7369164734575318
0.7594576191526773
0.7369164734575318
0.5453324857550697
0.9570711256809505
0.9786597489270303
0.967520576772174
0.9631597091774292
0.9102731178591484
0.8940398415853449
0.861053144368856
0.8829698651562498
0.6296285186651785
0.9193852806057514
1.0
0.5100230555339251
0.49133968111881116
0.18090764613843371
0.5152461391852463
0.5126694681546671
0.75
1.0
0.8662190348786514
0.8560954397861649
0.7421163190821665
0.7421163190821665
0.7399439095030277
0.8306202879064882
0.7983989727015697
0.8735753047198755
0.9773339441442196
0.7952831082882434
0.9089446221730838
0.8729551183918767
0.7604547795860107
0.39872875379627537
0.9052488215213825
0.9102234706552212
1.0
0.6165243256763082
0.569053648054509
0.6010070421199377
0.8590392988392332
0.766242343161602
0.8495166607936993
0.6695828832694563
0.5483752354300817
0.5806221035729925
0.8173439056790418
0.7975172366087604
1.0
0.8629784649774421
0.8249709484723514
0.8135782665773658
0.8573035869715475
0.8383418766667592
0.07301092180150344
1.0
0.9029305411055618
0.2010050548462564
1.0
0.9871042306163702
0.9751135838211337
0.9081955441121968
0.7425523057328991
0.8231942652702547
0.8576907958190576
0.8616317802197804
0.6574179607975331
0.8753354749000023
0.8319245541373861
0.7711388564474697
0.7237220060737587
0.7455198139669387
0.722619158660301
1.0
0.5251423258407492
0.9193852806057514
0.6306633403591322
0.5920255537528263
0.6350803666079696
0.8976807900650202
0.8977059810513097
0.684426624813443
0.6794883825449225
0.5961550492115891
0.6320192249589169
0.863116669429977
0.7502015377770077
0.8659109934477192
0.7280506431447534
0.7280506431447534
0.7274816300210529
0.2943380338034104
0.2128449530030409
0.29591994359525836
0.9262437062936887
0.7790422167160668
0.8972709547935909
0.9481677349980642
0.7828498701126688
0.8681674718123031
0.47783847883102404
0.5119465297012609
0.47783847883102404
0.9484075877693163
0.9314534547522413
0.9275954634062945
0.5794410328899782
0.5794410328899782
0.6927621225413763
0.1560639876223121
0.3347584913941471
0.1560639876223121
0.3259948880866566
0.16150542394677594
0.16500991746503285
0.7388415875774295
0.7388415875774295
0.7157089381961173
0.8802894204009535
0.8310972382592883
0.8243838524528879
0.591162985807506
0.7789060717495419
0.5913085399020777
0.9300848410196411
1.0
0.8377206246733646
0.27176855466127936
0.36474329942714767
0.35406145032211384
0.7720528111965914
0.2628223219899068
0.2234453946584405
0.5684709250996365
0.5378044812416222
0.583774460711299
0.46805715819339566
0.4369561265303379
0.4369561265303379
0.9332029944405882
0.8748906292528346
0.886214674016044
0.9167996768138303
0.736943387957971
0.7048341201942931
0.9666188273161451
0.963569743628791
0.9009701784390456
0.9732966898016872
1.0
0.9810009366063241
0.8730408882128324
0.8684205569093255
0.6709800476966242
0.7795146883375746
0.8581045711758682
0.38122463218124303
0.3156125055802959
0.29787569914150686
0.36612431657389466
0.7536999215291591
0.7158420331696609
0.7158420331696609
0.8506285616959668
1.0
0.8506285616959668
0.8888508760628705
0.8888508760628705
0.3794652930760076
0.9078577734157371
0.8912468945334715
0.9078577734157371
0.9216184171333647
0.9216184171333647
0.5199465129116229
0.8514034732570896
0.6555165856653178
0.7962623013967436
1.0
0.700006575676386
0.3481543278649514
0.646706710867561
0.6135036370192268
0.5811788690567601
0.7372231597205918
0.7372231597205918
0.7372231597205918
1.0
0.4710934196599371
0.9473291725475294
0.6958401673324441
0.8394378780098914
0.6422185440563685
0.20823902029590777
0.20249261691990236
0.7853997238141847
0.8337003753206478
0.7698175048942855
0.8090277057329762
0.779202109183891
0.779202109183891
0.7852549197889839
0.9265312095726601
0.8601686946138599
0.8845756214562083
1.0
0.9778276054047439
0.9852338478672716
0.5980191485488302
0.75
0.5883633276250035
1.0
0.8802245664279219
0.8802245664279219
0.721973809568161
0.7170585385947403
0.7223930769869616
0.8544839474414687
0.8517407500838005
0.12906757935014962
0.8002782736358361
0.840452346811534
0.8020404660858919
0.9478879835919585
0.944958626105187
0.9365916557146765
0.13976508342894883
0.16896900597283437
0.16896900597283437
0.9247026927006682
0.7235388148316266
1.0
0.8119658133746306
0.7956993548632691
0.7821973488512205
0.9873681902852036
0.8548495982059936
0.8456021034804133
0.9870977636152091
0.9632820720271672
0.5622871597634087
0.7466192871467662
0.7488204802007788
0.7961257252659524
0.7539414566878373
0.825495501335131
0.7192352747706169
0.7985103135175119
0.7739951283136377
0.7676633648978417
0.8832435073032203
0.8684693401947086
0.885549325770987
0.8531962367844066
0.8511216858065015
0.8511216858065015
0.41266791571136463
0.37329989346282105
0.45545145918144636
0.7944626861751506
0.7010357103989892
0.6479091886702779
0.8902842515936994
0.9272017496376874
0.8902842515936994
0.9298991392168352
0.9040090840441819
0.8812818113169092
0.3517125737459788
0.3849344197502259
0.3517125737459788
0.29128695620550077
0.5274419727514381
1.0
0.6635921999468647
0.5976142113777791
0.6571444201315465
0.9768034105524293
0.8714138026503223
0.8273039773028834
0.8208252825829607
0.8065905151655268
0.8065905151655268
0.8754407909556329
0.8715607482113359
0.8192941423762277
0.8484375779731015
0.8567228254363253
0.6950248054697937
1.0
0.9851837862045258
0.9785510130186025
0.8372217330621453
0.8973352112243637
0.8275415013964438
0.9420144013180078
0.9297618900755094
0.9420151689157439
0.7035898468273265
0.5913521148715842
0.6695208591387415
0.8903013714368223
0.9127687474797415
0.9053917277376164
0.9315636502187039
0.8368974529776617
0.89475838172204
0.9521522598878547
0.4196318385705477
0.8794860058640863
1.0
0.8788638220077787
0.9159308518547316
0.5364729681546758
0.5364729681546758
0.5350902087435409
0.9383688213901841
0.4638827137435506
0.4465971896288121
0.4550544404957191
0.31510885843704806
0.42111132802393747
0.7255927817341834
0.693784290701826
0.6400763525603551
0.6661705000466976
0.6831377855763904
0.6831377855763904
0.695435795907072
0.43559694467234517
0.6765068704303373
0.7595106514635115
0.7162379562060954
0.6914537181613349
0.8500181094800074
0.848532315529547
0.848532315529547
0.9841974283224264
0.9321491409947437
0.9479779406017813
0.7951796328533327
0.852604097104445
0.7909006844641014
0.903146831310663
0.903146831310663
0.08201357106021823
0.8730039332228756
0.8562887364908712
0.7285059545428001
0.7407049486056243
0.7582539580504184
0.7363696654240595
0.8617369847273361
0.8403732030288504
0.7938386604249906
0.8876319995278046
1.0
0.47764434688192725
0.5866040469160042
0.4911177525586455
0.5244821102638618
0.7701257664358254
0.7719058167968805
0.7824127459851805
0.894975236455066
0.9239934613332926
0.894975236455066
0.75
0.5761029724849177
0.6153293915072126
0.8800493955491364
0.8478702723959404
0.7779948438288511
0.850723266290274
0.6423685311504131
0.876484287024648
0.8780333786535521
0.8780333786535521
0.8742792192588121
0.5151845213628624
0.5239630401599031
0.4882757774942621
1.0
0.9840090714713878
0.5922847632404584
0.7829025135329639
1.0
0.8384315936337283
0.9163981862550641
0.9163981862550641
0.8568746686427201
0.9104485734347831
0.9151374989311537
0.7573604462509071
0.8902533534785839
0.8902533534785839
0.9051930828605501
0.9727896280910199
0.9126987597337851
0.9544857313226167
0.9696539556676025
0.4115270305036263
0.7195213991390104
0.40125631566610487
0.40298878033609625
0.3950414844871852
0.8301920988104531
0.8301920988104531
0.8155593235291696
0.820347942419324
0.7814209475922564
0.7881081412572668
0.7958296871023003
0.7786096165015859
0.7963419098594464
0.6776907093535651
0.6837378146559103
0.6350774637820569
0.7351874723135097
0.747781437427955
0.5848705104501325
0.8555614001431159
0.5533060826199794
0.5006747911571432
0.8728464989131188
0.9093996744592298
0.8985062758007247
0.790753145947739
0.7430635570033076
0.6225404807801771
0.8127400413940786
0.8188292473146548
0.7996191503626369
0.7658880413683122
0.8189976646438207
0.8189976646438207
0.9873843707630354
0.7235464255535076
0.7238457786359881
0.32972482103426404
0.32972482103426404
0.8566772719906295
0.5276028041553331
0.6593553788059117
0.3131798840498249
0.6235998086113336
0.6347400469338473
0.6235998086113336
0.8196547461074623
0.8196547461074623
0.8325599723775963
0.8067892504690892
0.6722971745021528
0.8065505789982337
0.7791385668102532
0.7791385668102532
0.6674852618701873
0.4797423213866026
0.45810689095458706
0.46718424894529226
0.7288700991727951
0.8103380746165413
0.7806703054790602
0.5793817797252276
0.5890055062622103
0.5793817797252276
0.5373207417540631
0.5734523592388088
0.5415649193619826
0.8615195817303336
0.62511411553109
0.858741202899745
0.77541018551022
0.8204069060542922
0.916459764985311
0.3951021315062595
0.34177853022453936
0.45944572486904245
0.2236278538955242
0.3828303073199351
0.3582001601925952
0.522494799385197
0.6927608183899333
0.6365268390250033
0.9397326317952392
0.9366468616316993
0.8998540771124561
0.8037513559374574
0.7302185954391596
0.7042722552019375
0.6431505149836565
0.75
0.45980618906532966
0.43461467252121766
0.43461467252121766
0.43312380697673103
0.9867233755766469
0.9259429188179735
0.8259802045875734
0.8882700838163213
0.8550007896771988
0.8220439816808481
0.9150197801658244
0.9564624458782122
0.8164583361370459
0.9684767228938227
0.9588668016500428
0.9684767228938227
0.7155936940782882
0.6979124457984988
0.3792966080085569
0.9244058084035314
0.9046210739993965
0.8769910946798928
0.3902830218289144
0.3934710817245388
0.3873884222647569
0.4472904172425852
0.5184365226256727
0.5184365226256727
0.848284604305107
0.8454911905768714
0.7510318416188559
0.8060112897615921
0.674161108108789
0.674161108108789
0.7527899654079552
1.0
0.6694566320746218
0.8856352982588414
0.9151837542173606
0.8859397656456334
0.6718069092100956
1.0
0.8086048043315192
0.9301324507987234
0.8845833071131227
0.9233662188212818
0.22529072035790532
0.16556589373592667
0.02015184288710809
0.5915312803043361
0.2656966294390119
0.2656966294390119
0.812858791935086
0.8547764239955574
0.812858791935086
1.0
0.9083279527737519
0.8834959815939128
0.9441621812828832
0.8280096857829541
0.8367395396810463
0.9752761039283759
0.10282862853829075
0.8356771813143716
0.44909258331904567
0.3726785167702831
0.37764502968386404
0.5744992628081651
0.4975236982714799
0.3207696504416144
0.6681781623010817
0.6215813718465477
0.3274741798811926
0.9249124903169748
0.876045904482541
0.9185214750349894
0.9410087250283439
0.8778232157972448
0.9036303442054234
0.8873769377243269
0.8843895495330206
0.898704491507933
0.8531248953125459
0.9660898620910937
0.6831631790601913
0.974387719823664
0.6765163589149779
0.46166057919771225
0.46703648937504577
0.4954267286086072
0.4391115049333934
0.592102282770029
0.3998697517078061
0.23021824675964106
0.548972179510331
0.5539975574631683
0.75
0.9660898620910937
0.8577291498053086
0.869984831666846
0.9322901632161398
0.922275855652205
0.922275855652205
0.838262217544386
1.0
0.8787952235893521
0.956594831199459
0.9405404183450572
0.956594831199459
0.4285117421660657
0.5212536892504387
0.3145858502384078
0.9157870573795954
0.8798818743268204
0.7072182331822662
0.7898073668151944
0.766469647251824
0.7925570999120926
0.8679540659849833
0.8677121674210495
0.8025053735905607
0.4583011020803178
0.4583011020803178
0.4763963796302662
0.8875724997240793
0.8857050418314157
0.8138864281231432
0.12409106124614117
0.11160188623558963
0.16424854065260133
0.6993420289234161
0.4597746663225521
0.8168512860044933
0.6848032919437218
0.663702712064268
0.6576882666230606
0.64875023942467
0.39046623344455444
0.535596219179687
0.877177040486617
0.6903880440456605
0.868704928536197
0.8275388565101969
0.861608404980007
0.881619723865628
0.44069391535779767
0.44069391535779767
0.4239725417471014
0.6634005009024612
0.6435591875661514
0.6140263587912507
0.853670416794311
0.8510456722535649
0.8510922868134922
1.0
0.7673679564124419
0.9055695001495775
0.650194502980362
0.5002706350464353
0.3389231640447852
0.9810296914408054
0.8774160315676531
0.1077475235696289
0.6786197819001544
0.671169098701695
0.6815457344455582
0.8553982905441864
0.9702318806382227
0.4808488314403808
0.7816819875007723
1.0
0.7816819875007723
0.9425064172160933
0.9623810005560199
0.8396240047458582
1.0
0.981069580765519
1.0
0.2093421174237939
0.5193538138195883
0.21607581037549448
0.8886713972936738
0.8361925312169305
0.8913544484822146
0.9864075642098957
0.9699951560821845
0.9085715616192812
0.9714181963061841
0.5354304585782372
0.788524162281613
0.8593779272378271
0.7857611983472399
0.827939105856669
0.684599543905692
0.684599543905692
0.6854270231228319
0.6036865254894134
0.8845507836535442
0.8675767739499054
1.0
0.9088006730653668
0.8022414240745656
0.6411159935259257
0.6260366361816463
0.7707476320209876
0.29591943982392516
0.30358351172223885
0.39027986986899466
0.9197009325596772
0.8316878277545536
0.9172793340148726
0.5899906175191433
0.6832446870828477
0.8878088213224986
0.8146670698946641
0.970440142488445
0.7815682122130595
0.8485979697115874
0.7565688875003218
0.8496909038186973
0.924451693228981
0.829704628173306
0.9353831843571198
0.7540251555058985
0.9736939783037173
0.7736718085596822
0.8907882495287857
0.9038066013955471
0.8857263631037506
0.5767179887112407
0.5693424262240864
0.5266154484576018
0.8402569725385622
0.8405879220691649
0.8410468439370414
0.9268667187336912
0.9268667187336912
0.9242601509301447
0.7523021653914418
0.847397810204097
0.7126591998075046
0.8247267778911707
0.8183104004918067
0.9340872207976332
0.5044756687750792
0.4586836096982735
0.75
0.8149751826438609
0.8101412729110073
0.8687405831065234
0.9445504702021685
0.8184975902900995
1.0
0.975147342626876
0.9251889108909511
0.9697652211907245
0.658470379003701
0.5596437926250788
0.5618057858737067
0.9158013920744372
0.8114357124400924
0.9272822268199429
0.5748995111770305
0.501251848527914
0.5748995111770305
0.9403388225821171
0.9190105135373352
0.915995572033576
0.8067371466697629
0.7505524118130597
0.6861290589917768
0.8216833839172308
1.0
0.8216833839172308
1.0
0.8885414471998165
0.8885414471998165
0.46555158673806574
0.4455639541452329
0.670659560767509
0.7729899326434874
0.7796157607650435
0.8262939252272349
0.8988376971696302
0.8208752556088915
0.8764516869548853
0.4189849227417854
0.3648811543326194
0.48645511991210755
0.4516409603752859
0.5259192224177789
0.47869642441460974
1.0
0.9772059095016585
1.0
0.9047630820232155
0.848603605857021
0.848603605857021
0.7531086617893517
0.7328791000941657
0.7315111969819779
0.7421344016589515
0.5537045282799534
0.7274782125822967
0.7679845170115192
0.4696957839747462
0.7331831383508755
0.5778214223837506
0.5656403033589426
0.5778152525166134
0.9042612589489095
1.0
0.9660898620910937
1.0
0.8438936113657038
0.5470567287056706
0.8323497540986111
0.8306831671479254
0.8323497540986111
0.5367239658117933
0.5358069559395483
0.5439767837660235
0.5760178236029552
0.5760178236029552
0.4169408083939632
0.8870147083401142
0.8608088842685916
0.8826176754285348
0.8409417899173408
0.8409417899173408
0.9571936806238024
1.0
0.8691078476952211
0.9744911443974402
0.8649007572947625
0.6191391952200673
0.6140180842479763
0.6341848497534569
0.626860061632288
0.6543956359718057
0.7856836911539272
0.7729152258361116
0.7837475701315338
0.6472160288919788
0.6124149821242033
0.6326946336162802
1.0
0.719814915975318
0.9315203756490519
0.7388813320675073
0.8275333709060599
0.7388813320675073
0.8355754292145327
0.7336720037100317
0.7919859319175452
0.9078404488457095
0.8709206259029232
0.9049448709315113
0.6821637087002822
0.6793789177746347
0.5305848819881278
0.9097385227776462
0.9097385227776462
0.9061309589232485
0.4005409052631712
0.4404699540730013
0.38351133455340325
0.3837265872814878
0.4404262020553956
0.44209042481679584
1.0
1.0
0.9667655109290143
0.875134785121796
0.9584681184551294
0.16192264543467638
0.8731669567049078
0.8880173232355902
0.707443123005103
0.5946998055376583
0.6361263782210641
0.6332030820580441
0.75
0.6039885634884232
0.6765915185808444
0.8942485975721415
0.8895597855369792
0.6333342078385873
0.8062513281822886
0.6929272715186261
0.8062513281822886
0.8031158860806319
0.9138394349344123
0.7824109033493353
0.9936346076372792
0.9137939908669486
0.8755509916416977
0.75
0.48870941708791554
0.511168982376428
0.9376732661855188
0.9376732661855188
0.9376732661855188
0.9095606330379766
0.9607657683040325
0.9095606330379766
0.9376284020198226
0.8437138458949602
0.90377422137019
0.834399334930128
0.7683824528369039
0.8058402938738636
0.8470964310564928
0.8158396898074374
0.8132176621532172
0.9648616305501778
0.95523858101858
0.9265669846017142
0.9386805534794056
0.902874641976219
0.9658881940427133
0.9425459870158707
0.9399353010148194
0.9414948319043339
1.0
0.9431483795888853
0.8384306868478271
0.9376380217896262
0.9376380217896262
0.9030008473194131
0.4472528812355695
0.4472528812355695
0.4832020986418898
0.5160642902997727
0.9107996816779865
0.7306454617446937
0.9132268326888469
0.9173040445244396
0.9132268326888469
0.889605225495555
0.8948818379268809
0.8376975586680115
0.8377824167185561
0.6922243094137513
0.8377824167185561
0.6081150938937333
0.7827078059336487
0.7874315035752072
0.8394852460379406
0.8327620589352828
0.8812499291437141
0.736491985565721
0.7326443504634684
0.562407128310438
0.9124541663128987
0.8949286601537381
0.9098577867893242
0.9473264567644872
0.8300438193903719
1.0
1.0
0.9590693851518599
0.9025777881402481
0.9462345564333674
0.8475313581737723
0.9430044953974893
0.860505967894343
1.0
0.816261509912463
0.8993351810154938
0.9018784104794909
0.8956447562752254
0.8121146262193786
0.9493439242539181
0.5423930974124436
0.794955985604057
0.855225898715055
0.7787991314945674
0.9035840387401541
0.9011188626901832
0.34434070343801826
0.33324702357506397
0.33324702357506397
0.75
0.8952123336689652
0.7576635447142467
0.722720246459477
0.8065137440714653
0.35033254945491676
0.1767469634438966
0.7947512668366313
0.7947512668366313
0.7890460491081053
0.8777214025020906
0.8676011843682244
0.731812142661441
0.8348987599950755
0.8249154201738043
0.7926241200543799
0.9549730768149712
0.8882091582139151
0.9549730768149712
0.7226369457343529
0.6296804689083494
0.6683334633822988
1.0
0.45491573096942095
0.9512067780616612
0.7316330704048135
0.7316330704048135
0.7316330704048135
0.9918799461723448
0.9655982194417196
0.8709446984409417
0.9792669373770291
0.9253691213219644
0.921597729420988
0.9761359013724035
0.8490633735915768
0.8292343497919791
0.6937897142253211
0.6937897142253211
0.7282769493868726
0.5836095784110747
0.5007220769775478
0.6230609623532071
0.9068345502475279
0.8879054580339696
0.9184029299080745
0.8234901459098145
0.8072476980298517
0.9194507995553165
0.5542633283973866
0.41336135402881247
0.5553346319328651
0.8409417899173408
0.8409417899173408
0.799906984194223
0.8146844266722204
0.8014382693511068
0.8163029754442293
1.0
0.9727813050708727
0.9727813050708727
0.9631728873809561
0.9151612599857455
0.9511531663488499
1.0
0.9523270403486569
0.9827961775317343
0.6664376957842398
0.664014915646714
0.6198321584745995
1.0
0.9164432925714617
0.8912280479143143
0.795438082292348
0.7585781095240149
0.7817727471050073
0.7741717225740838
0.6970763040720569
0.7792933446854396
0.9681890173134355
0.958972779910571
0.9658395329058593
0.900560382114755
0.9055655729962299
0.9300582380346479
0.75
0.5749686968018383
0.4165521091545472
0.8364596163862508
0.9280903064939215
0.8908771130520272
0.8160403365106426
0.8164037831606574
0.7012096813184682
1.0
0.9313563158636666
0.9287021255264876
0.901457970047377
0.5924017703973622
0.41980280851135304
0.4375693048578399
0.9599078648843334
0.6070377028063259
0.5653212769018874
0.7183391001828586
0.5653212769018874
0.8202841933584466
0.7798702094382521
0.8599454849208377
0.9039241763231906
0.8994317560463374
0.8758382292487052
0.457837976038047
0.8008445312086216
0.4551104077742705
0.5661776972163823
0.5736466494400643
0.2578194611230332
0.9629202041379032
0.9248879869483755
0.8372363368445529
0.9370955518338817
0.9398109174519789
0.9158693817363905
1.0
0.7787002579096748
0.8776556890287083
0.8249250503515025
0.8224278109450947
0.8153613207857363
0.8155135729637986
0.8325543590585431
0.5878527299626514
0.9469517525843304
0.5992146799970547
0.37687554067499884
0.8933756775204853
0.8671540220705738
0.9162787768053742
0.48359664607194164
0.522165813990576
0.8134264187200828
0.7896731374918272
0.5096297291546937
0.7657008333749363
0.9374234151597969
0.8700649338571351
0.8673337101432483
0.791483956899893
0.7939504814423071
0.791483956899893
0.5930663952652065
0.5946390090338483
0.19274917557302482
0.8932951442721366
0.8366414072906118
1.0
0.7284024497489043
0.7439560544416436
0.7361688137028083
0.8160520093592818
0.7774981259565998
0.7182050517877262
0.7491657970730116
0.6246263724627655
0.6831943198838741
0.8501333881112729
0.8708777375970851
0.8629904939454578
0.8655725514463428
0.8942214865218792
0.8943554847923003
0.847548455758957
0.847548455758957
0.9159581043313233
0.6430340828405691
0.6430340828405691
0.6296662987180757
1.0
0.6819486002308789
0.9885806628672252
0.7343765965102693
0.6627424979001741
0.4825505479418114
0.7057010171596504
0.6819612036973781
0.6388818092898614
0.8775489910903251
0.8709964133015982
0.8775489910903251
0.8953265170114035
0.8231485642420944
0.858953815225864
0.5762590993874521
0.5844482974687492
0.5789707057207174
0.429789975412476
0.429789975412476
0.429789975412476
0.9603207558638895
0.9603207558638895
0.939954441590014
0.9305139247800795
0.8590919451202207
0.8470546432994197
0.6178132862272451
0.5907221389859851
1.0
0.9568287480359667
1.0
0.9214407858414206
0.48962190080865303
0.7827532114008712
0.7747159333575121
1.0
1.0
1.0
0.7960560543132565
0.9752523104300957
0.8097837207389326
0.9904043798151021
0.9744374914374083
0.3923324362689286
1.0
0.8435485740611937
0.8836934668702408
0.7667033996728965
0.7922269098105986
0.7724737395624179
0.48767884578178666
0.75
0.44150666880748546
0.8842285943565972
0.8704791063402691
0.8682397967596787
0.8925541294727914
0.9399209453582231
0.8925541294727914
0.4563465230415229
0.6553190095098342
0.45947910504880946
0.8667529603990064
0.8667529603990064
0.4590247463974372
0.7671759478137304
0.8357248746543503
0.6978828202466367
0.8601330237593747
0.8622784737332736
0.8601330237593747
0.9709988669380654
1.0
0.10324271364078419
0.9783662902073494
0.8711000705496188
0.9678350438704768
0.7777709138301367
1.0
0.7777709138301367
0.47392270417682153
0.5029974813143224
0.30448912008230145
0.8124862238082263
0.705970298973539
0.705970298973539
0.7302941363644962
0.6637448098482225
0.7295842577793037
0.855017829863459
0.8521325222624097
0.7667004567723603
0.6930396462326132
0.38066067197223785
0.383021975964135
0.4287772057740563
0.4351606596146904
0.34256334686553397
0.5308889804825374
0.5364997079347675
0.5308889804825374
0.41515953900469604
0.41284974207415637
0.41515953900469604
0.9085308914566883
0.4464695192964716
0.4483375642018991
0.9341433582168455
0.8160193186230048
0.8445693518947287
0.9723503091674975
0.8444402025094263
0.6735883591217824
0.8772130975441551
0.8798793052735394
0.8497043982262519
0.7498600901743521
0.745367668565858
1.0
0.4129735370168503
0.2754187138841339
0.27277464691020503
0.9853308372204457
0.5800582309275881
0.9705589376495403
0.5892032532061529
0.6119305259334256
0.5978366539116391
0.9064174057986095
0.8882073370321009
0.8860245909705127
0.8632972162452158
0.7991150518529186
0.12499275058042503
0.12906571953563184
0.2654759946741287
0.05500054112111904
0.8176425436005551
0.867555080671606
0.8208150177589097
0.9661050028610727
0.8179617125191949
0.9320580838052361
0.8092922270355023
0.8331004714521646
0.793745733710385
0.9011668445052425
0.8722900579037978
0.8496482297733597
0.858135284441506
0.642242872529579
0.858135284441506
0.7422811731736668
0.7584035031970356
0.7689071626827856
0.6955105292282004
0.75
0.6955105292282004
0.8724010033294312
0.8724010033294312
0.8474868916823681
0.9019117158057515
0.6797080939629108
0.9019117158057515
0.8866241339246597
0.9030895703954266
0.8668317056507977
0.8506574207616224
0.8001482268640671
0.9488424199194951
0.8351313064542668
0.7774596919325928
0.7777186425165068
0.8956899053481558
0.8981411363073708
0.8942471255555489
0.7671241387248083
0.7967236850819549
0.7673988326018994
0.9335460149177588
0.9304087742659325
0.8714777284842331
0.9069985977656541
0.9116907683751082
0.9041561471088316
0.6860894831748752
0.8066772869413291
0.8495457012846295
0.35258581461768
0.34107442598516824
0.3612413390034412
0.8329057872662793
0.7199905792149845
0.8328516340430892
0.9216063727095756
0.9186596560041955
0.8977070889130112
0.844431774143483
0.8067495747018022
0.8444360928657942
0.8911459199385454
0.8675460586993866
0.8834091638749277
0.8229223307731921
0.8535073653677085
0.8190342494700036
0.9037046424474261
0.9037046424474261
0.9801687423979446
0.4782106732535765
0.4782106732535765
0.44731245962314314
0.9540200897572985
0.9063727960621235
0.9374159112465171
0.2774516269137677
0.31284833778660054
0.11866628845455567
0.5262403832078705
0.5301303493608246
0.1766998051810893
0.8863145847949078
0.8891729375076409
0.8697285707786266
0.5289900699717808
0.2557331143248087
0.4167333841685506
0.6071439976570037
0.6071439976570037
0.37186776451360104
0.911279966957852
0.9013701218974969
0.8966231616925907
0.8641215260862865
0.8426817086656437
0.8455248669789803
0.9469760844290428
0.8854761610105772
0.5134813232878248
0.43856609577207517
0.36958600870051067
0.40635536778555703
0.8489871327945081
0.8489871327945081
0.8181098442846457
0.8008585278345614
0.7443147705178185
0.8366624498025679
0.6185241637116998
0.7634465793493286
0.4657453529085437
0.9472367837298212
1.0
0.890376220508683
0.8153446899395865
0.724286630176554
0.724286630176554
0.49088496248729274
0.38076634806565146
0.49088496248729274
0.8156358893621934
0.5358812718524152
0.5358812718524152
0.9873843707630354
1.0
0.7986603978389236
0.9179651870394163
0.8460630318448381
0.8727367866294079
0.9337051926626636
1.0
0.8289253364969877
0.9887032157097524
0.9759493610265677
0.6504506927651709
0.9870454579305151
0.5490775832858084
0.871757281248676
0.8448179475703523
0.8668829509171386
0.6901699643304602
0.8737050819190094
0.8626898525069112
0.8737406876785294
0.8606017737791136
0.8413710045483445
0.8413710045483445
0.42025243074409346
0.42592783042814614
0.5220492790681674
0.962592938198003
0.9009290185043164
0.962592938198003
0.8526636747863329
0.8166998320677974
0.8283850979684748
0.8838894929527755
0.8673017495817739
1.0
0.41363569141278733
0.4033740613880168
0.42655945110105675
0.8388588013345631
0.760263299999519
0.7835436121481787
0.7340086393608649
0.7328818048209476
0.7514302627785603
0.8465246961682601
0.8465246961682601
0.8247666287787391
0.48649570389160646
0.4045888973599523
0.4780666720614307
0.9722874202715426
0.8800224996574002
1.0
0.60074122598277
0.5941722040080847
0.5962402843699937
0.8999133229519789
0.9144311174388032
0.9114700544934081
0.8165151506280834
0.363616670465008
0.8165393815727273
0.3330762999471142
0.3357199718328744
0.3321920320272428
0.38489974612142325
0.5597386414556339
1.0
0.8902755982707257
0.8933360226139572
0.8785463153201787
0.9518502900326031
1.0
0.9518502900326031
1.0
0.9569955207968917
0.9683228344814001
0.8662858684865947
1.0
0.7579502664212396
0.5217618090180782
0.5217618090180782
0.4997802944189804
0.8804376137348233
0.868733789816468
1.0
0.652676704528635
0.5830092485381465
0.5830092485381465
0.9038658221296321
0.6100558013777573
0.7873178748188986
0.9464387752845055
0.9491826383167934
0.9464387752845055
0.8946950650990833
0.8420500101738037
0.8777642958880894
0.9068850298373794
0.8415270355917368
0.8417650590037242
0.9818152129594577
0.9818152129594577
0.7531904112661483
0.9271076988641065
0.8120420712333589
0.1308356492647248
0.6555749480162049
0.7349753220684804
0.6437756616694839
0.9383169456763276
0.8431323347344637
0.9052722263442988
0.9346000914665092
0.9169566213241139
0.9169566213241139
0.949279258349352
0.7575829593724145
0.7540383748264682
0.8045178359400414
0.7818367373213684
0.7874070609237576
0.7953401669335539
0.4601771072695029
0.28294272849900665
0.8091930037857566
0.7504881146343576
0.7504881146343576
0.6589702269590632
0.6589702269590632
0.5264047319391414
0.9226697201497516
0.8938873377981037
0.9226697201497516
0.9185191487913386
0.9080411883167594
0.8959456752579873
0.9038046030638941
0.8855124175544211
0.7655096395939376
0.9169450146707124
0.8151239078942
0.9283841729235978
0.7011943069697939
0.676336547193048
0.7017251607704202
0.8598099480182093
0.834744923301193
0.8712892068561007
0.655514184390292
0.720371640400376
0.18686851889816958
1.0
0.9917413446449124
1.0
0.9590642120706826
0.9112119592354151
0.9506475892452368
1.0
0.9842490281734023
0.9249276701585296
0.9734645341133673
0.7583994575386948
0.5639444838138219
0.622107967128003
0.5820149931411938
0.622107967128003
0.4786382544244522
0.48074752627559875
0.4899789381497806
0.931920877467115
0.8862422141054002
1.0
0.5977653157988206
0.598210966734675
0.1274556690809608
0.7796410682282354
0.7796410682282354
0.7796410682282354
1.0
0.9371672542817285
0.9698782738962679
0.7563648733260384
0.8277187712578823
0.792485461259346
0.41262855249889574
0.41675075113065774
0.4148214827509973
0.9907479175153605
0.9262114392276185
0.9818818022296876
0.8232328884573679
0.8482957193373843
0.7888885262647592
0.6277249072568969
0.6273810566444186
0.6265854297268927
0.9581796742430422
0.9143015255911942
0.4909372313576521
0.9711282328646424
1.0
0.9511282230088994
0.5934340552200708
0.46172037749300865
0.1890577679793431
0.33337129813632294
0.33494288964707375
0.3668533941682822
0.9827716695277393
1.0
0.3787003718907324
0.7722713815748583
0.7354259539208261
0.6104671013934162
0.7089664264132634
0.8064882530153468
0.4218179917786034
0.8299091029864915
0.07286521484736022
0.051204863710466425
0.3816272904587726
0.2981351853423932
0.7455651045119829
0.7111117591806079
0.6943589083336303
0.6949001377392446
0.9841849350171756
0.9213907712142433
0.9272657935578366
0.442390217627606
0.8403924123944176
0.42130249533637165
0.6061730181659402
0.6061730181659402
0.6061730181659402
0.9089685187999941
0.9089685187999941
0.9064538968421872
0.8274183428872103
0.8081753653641668
0.7849824072079896
0.8309811799713088
0.7937051492752476
0.7802831126731887
0.7707072489009639
0.7921664911725591
0.7743052572810979
1.0
0.9901523758876938
0.9833768828693926
0.75
0.5510218025662881
0.5510218025662881
0.8945347339011525
0.8141829186920404
0.8141829186920404
0.843779318772997
0.8278693388861317
0.8233435505023619
1.0
0.9752897460794117
0.8831535281562937
0.75
0.5170419709919529
0.5170419709919529
0.7150922033353273
0.6230970720285667
0.4230432673245951
0.8792276810283545
0.8651096300753217
0.7457009187022801
0.9647137167075192
1.0
0.8182189602372264
0.6371401540984492
0.75
0.6371401540984492
0.8571328899599852
0.8635768673311583
0.871021778848874
0.633496409116038
0.4885374763200563
0.4885374763200563
1.0
0.8601766481564532
1.0
0.921315484876831
0.8866905977620454
0.614482075867166
0.8144661663003014
0.798505245318714
0.798505245318714
0.8324360049742274
0.8037911987771038
0.8324360049742274
0.9512537190578187
1.0
0.9883103566685649
0.8787510032251438
0.5363996233338958
1.0
1.0
0.6333685447489741
0.5524455018156395
0.9217123485292877
0.7961672865997966
0.7933063592439239
0.9316473042103746
0.6543209931372275
0.7706881687738842
0.8443809418539001
0.9358803743110613
0.7802676015882167
0.9419068559215742
0.9359024963245528
0.9058709329842071
0.7164413983906737
0.712396534462779
0.7153773936890724
0.6465310142097459
0.6391019226093576
0.6938922128005371
0.8798959427962544
1.0
0.856490286445324
0.9283401628412605
0.2819236968857102
0.28163361384723695
0.8920834842749907
0.9232057289498885
0.25554829086860453
0.8148304197978664
0.6415497531419995
0.6415497531419995
0.7781006448150672
0.7682505717046911
0.779902353354443
0.8656080130514062
0.8459615483651132
0.16529280334781316
0.47935238600220437
0.4104208297527421
0.6426251051924574
0.75
0.5215856490430947
0.47099331264914646
0.8462135972968138
0.8304287512210782
0.7117065735795978
0.9562465002234182
0.9590287084855347
0.9417503256147493
0.8627674853892573
0.6904401110861186
1.0
0.8686411818384585
0.8825093720221346
0.8686411818384585
0.962453655835612
1.0
0.9583768443809892
0.7935467440573806
0.7911500470299387
0.5209533580080473
0.6905287913623097
0.6855237348195561
0.6888199831763294
0.916603698175847
0.9187289719048319
0.13275039457533389
0.4661937629074857
0.39435679647806204
0.4041908821703759
0.5723366036424804
0.5235894377596355
0.5235894377596355
0.8529281917448707
0.854745056582067
0.7758273671153807
0.8325874836818922
0.8089773699672658
0.6964562587937504
0.5288038455314561
0.9507068058490397
0.5457182111328942
0.5071920735305587
0.4811746348427206
0.2032009805582747
0.9166318045184021
0.9166318045184021
0.9332984711850688
0.8424462229374001
0.8757795562707333
0.8757795562707333
0.9673668312034222
0.7178087128325661
0.9392441827266935
0.5073031078697385
0.398719996082761
0.6285407769640973
0.9601565470732163
0.8987823475895669
0.9572731937555488
0.8880882580161599
0.891285310685083
0.9184033703919404
0.9367970708225403
0.7703174212998274
0.8876582211915085
0.6466137929465646
0.7206858318264234
0.7063324540844049
0.9032375275725903
0.8854406974140412
0.8854429518377429
0.6235808303573346
0.629958746448917
0.05854966745590487
0.9190813937480856
0.8770041269967279
0.9002925341848989
0.9494801595638747
1.0
0.9517478943989048
0.7776288389867612
0.9028941487913387
0.649056580135154
0.9546241200534065
0.8296814484293701
0.9323589836868451
0.9009584364582043
0.6970768160538446
0.9009584364582043
0.780225422056771
0.8345039692043648
0.780225422056771
0.5640015623180099
0.5640015623180099
0.7172961976053668
0.6842110236462853
0.642160496777459
0.6602506991353375
0.7772821284478046
0.7652100989364349
0.7691802248758808
0.9798261336627121
0.9798261336627121
0.9281728486954159
0.7512380593038126
0.865328497937697
0.7078675402715369
0.6625322979915368
0.6971182817213463
0.663472834488706
0.9690182559382476
0.9539260648885397
0.8013247602472402
0.7420255686924506
0.5974246967856851
0.7163246511283876
0.914568173455512
0.8355288888403459
0.8785674173674262
0.9193043490772328
0.7718222795938802
0.9193043490772328
0.84639203682556
0.8206742810925933
0.8217817699279153
0.8490507687281502
0.811464422605881
0.45255395282949806
0.7822577570888394
0.8478428150605036
0.7822577570888394
0.7225521326380016
0.5291841751271749
0.7020376142343434
0.7797846363806991
0.6345187346914837
0.771048878740066
0.9414878788608951
0.9255507078892381
0.6821889626513892
0.69101091994623
0.6479223218788472
0.69101091994623
0.8023300764305676
0.8158209463845292
0.79943314345469
0.8386875942843207
1.0
0.8185880244051805
0.6677762055745743
0.6558130322056819
0.6648313582489365
0.7043741602606799
0.6422559946752209
0.6422559946752209
0.3802909065755393
0.3802909065755393
0.3800419681986136
1.0
0.979586152858251
0.9747496978754673
0.6703449453469056
0.45534208370476104
0.4386781236782762
0.8639666537090147
0.8235594412221243
0.8262956796178643
0.542048832880099
0.5544791295654501
0.75
0.8835061242853693
0.8053852475651144
0.6134611625988706
0.6808551705202484
0.6808551705202484
0.6802442942217775
0.7704459895200704
0.7801641589852715
0.8726562043468219
0.8877433687080379
0.8877433687080379
0.5882491480349226
0.946431730249306
0.946431730249306
0.7818787260215845
0.9079475131152265
0.9079475131152265
0.9079475131152265
0.8548132377152665
0.8513444625412655
0.90000626319772
0.7219844469781251
0.7550861425775554
0.6827883504733036
0.944735507639973
0.7679296546693963
0.944735507639973
0.6980815537995616
0.5454903087819211
0.5454903087819211
0.9086542739667807
0.7446509785905262
0.9892065279354327
0.5410976193335555
0.5410976193335555
0.5410976193335555
0.7514594600807758
0.6923891801993542
0.6923891801993542
0.7104166303896943
0.44799150339146043
0.3868426892363785
0.8104896759415467
0.8003446916091219
0.8405960632999402
0.7242428351194854
0.7210994188618209
0.7475254788965913
0.855505123221568
0.8188728055602549
0.8188728055602549
0.48767884578178666
0.5087650840521238
0.75
0.8916436720708196
0.8942784537924544
0.8859953112001546
1.0
0.8196395423370171
0.915449847868329
0.48144702183183974
0.46104705087197867
0.41861653670400306
0.35585646837820767
0.33055999773413336
0.36033435382732876
0.856297748489547
0.7852850649816983
0.4146512263525993
0.7338411339376837
0.8287328481580254
0.8252035599195197
0.5965237609798537
0.5250951895512823
0.5842247402785182
0.8455744507765856
0.7785550205727585
0.7614502946709929
0.6169315757949789
0.6169315757949789
0.6179681058573527
0.7322892222278969
0.7300568578595652
0.6990728744770428
0.8417587554528291
1.0
0.931826860447585
0.3421947363288729
0.34240137668652193
0.3432806007886197
0.9221920239671572
0.9182800245647982
0.9144932702607127
0.8986572225165091
0.8935793723525771
0.8960822707181666
0.49212697512367654
0.5308596066486042
0.49212697512367654
0.8491393301577291
0.8452240960057139
0.8088852335240984
0.88775046900738
0.35282243602637925
0.88775046900738
0.867848229317226
0.8724023321556522
0.867848229317226
0.6599317222364065
0.7376013287644884
0.5916058856092177
0.8107533848330493
0.5677402614169272
0.7898407593307006
0.8535210036555148
0.6767862663800083
0.8464768211402636
1.0
0.9102755609273503
0.9709988669380654
0.9267323720451696
0.8714508461532269
0.863682198488326
0.8725623136659268
0.8725623136659268
0.8336888143323795
0.9067109395711761
0.9066432568149391
0.8882073808280441
0.9002574562403579
0.8963636530723554
0.9644339342006607
0.9465561816702601
0.946633330904337
0.9061462000215945
0.6792969966377267
0.6905335663047869
0.6855689964166621
0.9081217959234402
0.8245844667083603
0.8362142189698777
0.9113661659512766
0.8967537134364363
0.8717254477840806
0.9538162399579581
0.9028550263492872
0.9571975724758616
0.75
0.5277036386907216
0.5175601377468406
0.5456207489480742
0.5637410795367588
0.5378928595274
0.6606286574237736
0.7505535840561719
0.8296491931847713
0.8471779943293898
0.8068382013196488
0.8008438832274228
0.4574384346649837
0.4192792947609054
0.4249245645185862
0.6423142882111309
0.6777453682236989
0.6521019809061301
0.8193679190176655
0.7082253867788065
0.7082253867788065
0.607431232989517
0.632675353755138
0.7523717833847494
0.9209824556142908
0.8938067597705254
0.9160332046394329
0.9035812666698635
0.8242643738969602
0.8193922797554036
0.9065643622662021
0.8931743217559652
0.907682444153388
0.8853006344094316
0.8181555505427889
0.8824218224364366
0.8086456691070145
0.7884394630036029
0.8712286698936751
0.9312004091814694
0.906372624061913
0.931132445754965
0.5767398945610259
0.597590166680221
0.6241798275132462
0.8913726781545358
0.8013526100601758
0.8585444293289576
0.5984205369578057
0.5686385911009415
0.5603046537266076
0.9166709858879467
0.8900276014454522
0.8900276014454522
0.9240703477782163
0.2870654047843305
0.28888723195746896
0.900471351453565
0.8068715412503673
0.4664445582157085
0.6981534142399886
0.9550268086309079
0.7606083319008416
0.8120582418283624
1.0
0.8120582418283624
1.0
0.8944065286455414
0.9196402826463884
0.8320101525458592
0.9243954149398044
0.8188350537028852
0.41165279736862587
0.6033354817725224
0.43224149844542903
0.9091113022965112
0.8778379482718843
0.8962482775582179
0.8348214830194184
0.4627650031839114
0.3828359246828435
0.9609727655412121
1.0
0.9416660776876036
0.9382481825165082
0.9382481825165082
0.8879195815449525
0.7928990908092588
0.7793404904102852
0.8003150005835722
0.8668488700371595
0.7973581461688855
0.8731059842834878
0.7341182173122147
0.7524803422699716
0.7242138955667865
0.6744068039277872
0.36735136099372545
0.6744068039277872
0.6717056781845521
0.6717056781845521
0.6717056781845521
0.5613157336749958
0.7849622995505501
0.7195415354744266
0.6936714399989301
0.4599791401182588
0.43010976059877415
0.9139676787069676
0.9257281471180048
0.9505786318147136
0.856407151606287
0.856407151606287
0.8549417694456203
0.9367636264524735
0.7609537199174233
0.9340088235265478
0.9453991654052797
0.9453991654052797
0.8614470768950802
0.7425888861935791
0.3669992528763415
0.7125476656418626
0.9775309568365562
0.9130464221448018
0.9640474712448706
1.0
0.8603638645055558
0.9043325717140037
0.7699492279115226
0.7699492279115226
0.7699492279115226
0.87660824254736
0.87660824254736
0.8742362072202353
0.836680930871766
0.7328927227682316
0.711680930871766
0.9305952479045143
0.9305952479045143
0.8065577845453168
0.9305717886501441
0.6508289787102067
0.824026666893565
0.8986611731128813
0.879741240508509
0.8523485072692683
0.9643369929345399
0.8498812011487351
0.9294617090527507
0.7512262984496839
0.7525072414730758
0.7571243424348346
0.7995900139131581
0.8373253494425947
0.7024050937448347
0.8528114718061415
0.7914517291539801
0.8525956175728318
0.27144876645568927
0.5008810373018443
0.38123388455384677
1.0
0.8238681804577078
0.8107194472131573
0.75
0.6993439242539181
0.4632681234377619
0.9268588826966031
0.9240898891731801
0.9240898891731801
0.7260485800478609
0.7137500071330463
0.6941733864297506
0.5966664598633369
0.701590996529707
0.5975914256980549
0.8070446678721814
1.0
0.8955093392511362
0.685897013595862
0.6789660975059923
0.7081993733872202
0.5121946409974576
0.46022309337865663
0.5508645788395683
0.7935425371190947
0.32355972860950716
0.3195914364151743
0.851696099266314
0.8081075625931284
0.8072139680229394
0.6092477172264682
0.6231689843247643
0.6110079072773278
0.9396574847540622
0.9422779051037762
0.9236677061273
0.6094137683592327
0.18632327930654727
0.21236092765762793
1.0
0.989186457424793
0.9372469358722846
0.8121262603246766
0.8035199702475562
0.7463866428281744
0.712562040739231
0.6874203107991362
0.6700680673365264
0.890177068441477
0.9337369301947026
0.9117076009922043
0.9689383415646592
0.6636749009429345
0.2161306032163145
0.7843864727827605
0.5912096593091068
0.8569122017973476
0.4039485219718591
0.4456151886385258
0.4486297278121373
1.0
1.0
0.9019959540397292
0.7390887908497391
0.7003862982995329
0.7582069892228055
0.4262604480691704
0.3957397488600588
0.397544842677354
0.9776040019177483
0.4582147775979021
0.9235974514620711
0.7918577354351123
0.8182582288593102
0.7919752850615388
0.7280278085251018
0.5638873215913207
0.7233218997500316
0.7159054543040984
0.528848411504192
0.6803298264990196
0.555146889765733
0.5085540344731352
0.5379957776909656
0.981900956142987
0.832859463036095
0.8612150318456548
0.9270685684295843
0.8963117047058302
0.9090512933019719
1.0
0.9802514279792793
0.9868635974093057
0.6050484154369649
0.6050484154369649
0.6090567150595223
0.8853322713331144
0.8797576003666076
0.8508662740816275
0.9194141425914735
0.9035733471847894
0.9020126987976171
0.9303897350784798
0.9025553056596134
0.9227556573978729
0.445871466544866
0.4929941561133424
0.445871466544866
0.8650481956609392
0.8672950021764847
0.644575117026064
0.9327833308227091
0.9025115411144978
0.7005958438292407
1.0
0.9904368319633545
0.9903903326383817
0.9379942163327106
0.9241489312523384
0.6929611949073274
0.5080877817243579
0.4849635796861848
0.75
0.6776644327756607
0.4494892032539929
0.4494892032539929
0.8795931538584614
0.8546525230113681
0.8546525230113681
0.9335376720978269
0.8173192530875268
0.8296046093844319
0.6423082835404833
0.6678584524227532
0.6676690115867191
0.9223844866984409
0.9182566190806718
1.0
0.7541574246687197
0.8460134408204091
0.8120611209206344
1.0
0.9256064302640312
0.9827451805360081
0.8854364429187884
0.8660155116218903
0.8778202632775747
0.7132433007809276
0.7223806506913127
0.6336614641436465
1.0
0.9777856414176236
0.9846620221407077
0.8496433599966109
0.8425095144409989
0.8460057530880082
0.964449987177083
0.9823065172163193
0.9823065172163193
0.7700732835719912
0.7682778208993775
0.7608725619104116
1.0
0.8270752179514251
0.9832809014834889
0.8952655807771288
0.8983558782544995
0.7002394676837308
0.941248482992381
0.9374994878392937
0.9303615787503026
0.6422355993054534
0.75
0.5444364954926946
0.8683321430091843
0.8602611634855433
0.8595319459800612
0.8712653829773274
0.837841856500779
0.8622323557002053
0.8585353427164701
0.8587559055625938
0.05737337762854261
0.7551359703376809
0.7326914962332333
0.7699916440406301
0.7448941965253763
0.9290464075693879
0.8991899768667558
0.9139564753136393
0.9171461920726232
0.9281424565012831
0.8399384148071235
0.8032249485114915
0.4097724865665356
0.5031225381018298
0.5031225381018298
0.4817367037573534
1.0
0.5882349726377624
0.5519782405354151
0.4105737456214913
0.4106558565815656
0.409783979497627
0.4550758587400865
0.4726342657325414
0.4537248655801167
0.9145789881660538
0.605981898972588
0.8099025487209158
0.9281723394132295
0.9254926421142992
0.9235339645080738
0.8636981822462061
0.8714009612660246
0.8694060614004135
1.0
0.9301022253681723
0.9255819584696354
0.9015380328018507
1.0
0.8982721937003469
1.0
0.7926435917827194
0.7945560226782389
0.8797400347249349
0.8797400347249349
0.8764200744287097
0.8904926064987455
0.8854222405643247
0.32839408378302526
0.9709988669380654
0.9102755609273503
0.8973926757432152
0.9334230638288827
0.9302902063199593
0.22422356630389567
0.7229872979187899
0.6965210746539499
0.6975079626385124
0.7741175973403178
0.7732260075897346
0.7764384816446154
0.8847742248730487
0.916062558599809
0.8824357252145014
0.8927488646904895
0.879875410522588
0.4195155216556988
0.7298724948426428
0.7267698132684106
0.7010847927906287
0.318088253921397
0.38661995357634904
0.3557000055467263
0.6823514154402892
0.6823514154402892
0.6823514154402892
0.8606116771958608
0.8563009108051849
0.8563009108051849
0.9030506617444938
0.4183000971937191
0.8677434498810718
0.7362409527951385
0.6695989001630239
0.6593299992206801
0.5140761401004688
0.505124435982422
0.5133116853144191
0.8184392196744994
0.6386575429381144
0.756735317158852
0.8283303394058243
0.6927456395018913
0.8023421065590369
0.7682299365317863
0.7463350097745505
1.0
0.6345600021612265
0.6145633159089885
0.615099777061242
1.0
0.9452195869469442
0.9650340946437879
0.7185063115007148
0.7203468345230211
0.7132113141466911
0.6373257321911634
0.613328422730907
0.6277416084458933
1.0
0.9399578739641757
0.8730423638034988
0.7038239591152542
0.6945171297440584
0.6962461118229273
0.7446570217859552
0.6075831488445208
0.5822922979622511
0.8825789568569631
0.8789842993649987
0.8091997437339952
0.7956113706948826
0.7608823435948369
0.7985723809181552
0.6436429183205339
0.39501591725991914
0.46462235656491896
0.6646334889431702
0.5586392116432575
0.303609040193281
0.566694696822329
0.5665081344639298
0.7018910252210576
0.8964759301454337
0.7389029772654266
0.5553400094158151
0.8391107166427525
0.8391107166427525
0.7208338275165096
0.8116197726695878
0.23081836710125336
0.25777400118708316
0.9077751373554153
1.0
0.6692440186923133
1.0
0.9451429927292764
0.7224786002614015
0.9194231618252281
0.983899109494295
0.9760269062446285
0.8266150014486773
0.844088119728247
0.8418533607525973
0.9962395302527262
0.9379116208891235
0.32215941572350937
0.9406894343173484
0.9236140083702504
0.8118390770703218
0.75
0.520907592621018
0.583958825381366
0.5400055097273233
0.3763920401763776
0.6934553162097301
1.0
0.9591641565591926
0.9716641565591927
0.931826860447585
0.8060403974190888
0.8521754221194957
0.27395243004944153
0.31829943861526977
0.5914266166588023
0.7531591865881655
0.6585909760613453
0.7437048548240913
0.37186776451360104
0.35714399765700366
0.37186776451360104
0.4582824869733672
0.4655909624088734
0.4582824869733672
0.9760512400309616
0.8691215930785208
0.8233567800292249
0.5148923354417458
0.75
0.5683479157908353
0.713753647376093
0.713753647376093
0.48476576419791717
1.0
0.8985848312110691
0.9608580366280237
0.6073298137139473
0.5980873601220907
0.583156945630698
0.9127927227932007
0.8625623072379975
0.871126056126534
0.681826860447585
0.4033311394676721
0.6125732484947622
0.8691488034664804
0.8719397514790638
0.8548088911409324
0.825798822649369
0.8258529982873316
0.4072074934310758
0.9415875260529846
0.9202902655350187
0.9088538829543737
0.4626370606994631
0.8884395686605612
0.48084467812495013
0.7017860490381881
0.6352638217107194
0.7017860490381881
1.0
0.6828933158440111
0.6828933158440111
0.5735116879461972
0.556416880366684
0.5818727511585617
1.0
0.6381261276198745
0.8482314250137825
0.9331257077413713
0.9357144775032243
0.9190937485280694
0.9439875036381131
0.917892940150033
0.8942129005058652
0.8247438258695137
0.9452950525295924
0.816927125559741
0.9291348816977699
0.9291348816977699
0.933864441152073
0.5594651564888793
0.5275875096706042
0.5878746281030741
0.9827413261436834
0.9299142795362999
0.4548062738975037
0.8672623036556795
0.8036461716487271
0.8591967781521177
0.6188434568624575
0.5728333771139277
0.5335408709502274
0.7366722742448333
0.6980535933510086
0.6455317295148431
0.917501331653142
1.0
0.9510833440779793
0.9023339160361546
0.9100015685709043
0.9060946673055851
0.9659367517585835
0.8751576122241069
0.9659367517585835
0.7505679839533796
0.7483082408004185
0.1268217350426053
0.6966495570204593
0.6966495570204593
0.6966495570204593
0.8479563412591209
0.830062958641325
0.796695767249057
0.9647547042922295
0.9115546769731274
0.9549538453722959
0.9932937516803999
1.0
0.9773527160983143
0.811711269691966
0.8020466515205579
0.7930399138571473
0.8320877582863166
0.8708669562766196
0.8570278928084958
0.8144158290116424
0.8144158290116424
0.8144158290116424
0.522699582806957
0.4835881119782406
0.522699582806957
0.6011488660352455
0.5720206626637289
0.531080936918723
0.7366710128472487
0.15979449113766964
0.0004752525483233424
0.9761243903408761
0.9357953031781584
0.9358821268050553
0.8176701376531882
0.8857528977279279
0.6438661339998528
0.89631034063076
0.8433239480987874
0.8266001198962564
1.0
0.9108428156260953
0.7651016870079834
0.8531736878647271
1.0
0.8539699572988131
0.5881621853004788
0.53255993235898
0.5402610047145705
0.4751788316399943
0.4674235253485491
0.47268678102231826
1.0
0.8478639800085138
0.9170256639403411
0.9703778339003518
0.8980921540857816
0.9032930473943946
0.8687074353636639
0.8781358061475597
0.7360443396608689
0.909075050015372
0.6894506128294356
0.8888757415220887
0.9151521284826712
0.927209760609576
0.9151521284826712
0.9303650116303095
0.9275227698614741
0.9086339365798499
0.8690689106614488
0.8314603464881862
0.8411329754697566
0.9248181222192176
0.861137097017979
0.8947188608202741
1.0
0.9008971828769072
0.5974133661777467
0.6215033969142219
0.6889971929968242
0.697809191903192
0.9418245458968193
0.9395556136583603
0.9418245458968193
0.8849025225273044
0.9110872583543703
0.9225754061252622
0.861078433852183
0.7264592032705375
0.9075863764390442
0.6367363019641588
0.6367363019641588
0.35230688106645847
0.9024678917735048
0.8999416662312301
0.8842530142956652
0.7106938182426986
0.9188128029477278
0.6863722534536043
1.0
0.9840688881574153
0.9840688881574153
0.75
0.4966078470109739
0.5075238218405795
0.9640669265030816
0.95131651188895
0.8966461677992366
0.8114300167074169
0.8496026754782356
0.8122324043263434
0.5875222581657881
0.4392523743706285
0.6086117904810302
0.9036453470585988
0.9676007859399378
0.540215794330733
0.9197670183861067
0.9047290032811875
0.9047290032811875
0.8962252760181915
0.8917987589691062
1.0
0.9176717762948298
0.7810440736345001
0.900470205382581
0.6445223539395651
0.664293061368496
0.639422059432644
0.5727206350685392
0.546255698505621
0.1540979721022679
1.0
0.829147711085418
0.9527298115046557
0.8124802577605329
0.8325277787486467
0.8124802577605329
0.9732996667453852
0.9732996667453852
0.9732996667453852
0.8587242100679587
0.8691442053986825
0.8587224454751039
0.9121431637902858
0.9688936113657038
0.9121431637902858
0.4283700829253978
0.44827784598813214
0.4258017889462444
0.9180089649841375
0.9158863898575235
0.906234975755744
0.8685838045569712
0.8913337705377484
0.8026821909133783
0.8391530883787082
1.0
0.7943435288129854
0.49364821802332537
0.40478455884489317
0.40478455884489317
1.0
0.8599489290861463
0.8414756343152715
0.6985335286491914
0.71749061102546
0.37728314995136214
0.9580638895790303
0.9108499963275287
0.9065623637537751
0.8209503926332569
0.9038400769618994
0.9038683383565195
0.8362064423625821
0.8954075110379118
1.0
0.9047290032811875
0.8798866506410208
0.8175647340429564
0.9907241132149416
0.9613555527820632
0.7976442783544542
0.9469517525843304
0.9197478021870327
0.9197478021870327
0.7464715194841949
0.7269770592269857
0.7224229447158701
0.40188102805986636
0.39308209015669204
0.34357084914150426
0.9253242106416011
0.5846961910262551
0.909647746067265
0.9150704134204084
0.9172373355647675
0.8083761473329926
0.82653884407928
0.6000206937527351
0.8068120242840265
0.6030389908968743
0.5024672035192377
0.6280389908968744
1.0
0.5663524844557992
0.9680939611572492
0.602020704084835
0.6842750711955079
0.8380464740525019
0.8636114711146788
0.7193771872320028
1.0
0.8074593546254981
0.8074593546254981
0.9106695635580647
0.6429849049246898
1.0
0.7892405261734937
0.8379137895577573
0.8332299844086
0.8147684828844862
0.408411945851904
0.408411945851904
0.408411945851904
0.9380365295202939
0.886088750416463
0.9380365295202939
0.876069818757377
0.8182865651161065
1.0
0.6842148113539068
0.6842148113539068
0.6950148453417724
0.4633328232945826
0.4633328232945826
0.4687185959066705
0.8708633133409878
0.901627846314407
1.0
0.9178375394459202
0.9178375394459202
0.6573818449405924
0.9332950903566624
0.9332950903566624
0.919005115593966
0.6786218808790042
0.6786218808790042
0.6814654603904006
0.6587045680092163
0.6413442932234534
0.6587045680092163
0.813486369581323
0.8124061302352616
0.8093135966100555
0.8547153238751646
0.7877722687460436
0.840285338792892
0.5123998716422017
0.501822208739519
0.5123998716422017
0.8281966768450642
0.8044588170175062
0.8183419916708026
0.9400123787404946
0.866081166594398
0.829780361860589
0.2654011295223356
0.1914135667290542
0.1914135667290542
0.5238127764077278
0.5238127764077278
0.5238127764077278
1.0
0.9898866747956336
0.9057260667273798
0.9222766698118359
0.8560051716195676
0.6758007402356349
0.8487446046358156
0.5701965873098148
0.8259435413895375
0.8564095677605101
0.8598206543496575
0.7966071346463718
0.9326366632043209
0.9061592941578648
0.9061592941578648
0.9533048160704974
0.7796215788292191
0.9167510471033254
0.8807413443920178
0.5844917522816209
0.5864235100215356
0.6793113860101565
0.6711320236153787
0.6711320236153787
0.5437715249174094
0.5211057264356206
0.6871672542817285
0.5632118169058917
0.49419098117373106
0.49419098117373106
0.8561880347849966
0.8561880347849966
0.8561880347849966
0.7466320485701289
1.0
0.6892825501234958
0.7484921587149418
0.7747429845828507
0.20117305693253262
0.8417826999694105
0.8298675071342488
0.8374305103538993
0.9101748364266242
0.8669259611932723
0.8736648595158025
0.7059864696256175
0.8977752268966384
0.8928546004165028
1.0
1.0
0.521805587637821
0.9864582524398777
0.9249526359547194
0.9462844047045449
1.0
0.8930998912294119
0.8556823358171171
0.8846464151725523
0.8570803561042937
0.8356209822030524
0.6883688213901841
0.6912896804474566
0.6282513763263046
0.9278264789046201
0.9053188295655901
0.7208763071021278
0.9581783683393073
0.9671455975640129
0.9065765617272703
0.8521791725303383
0.8360838259740687
0.8371219557183224
0.8358687855363606
0.8307094748439257
0.8167251185406753
0.9580441511187558
0.9603758160350275
0.6240499009385005
0.7099258615130113
0.5247870303218448
0.09880742128398218
0.7240238219299122
0.7240238219299122
0.7240238219299122
0.75
0.5152780817106316
0.5152780817106316
0.885096232610789
0.6808654412001945
0.885096232610789
0.9319477702866636
0.8275865605675079
0.6888366434125118
0.8782693887842807
0.8537615793277815
0.8712836516579083
0.7523355313681453
0.3186937687856186
0.7498315534596429
0.9173950744723806
0.8694494614932091
0.9173950744723806
0.5469897737658976
0.467704421627485
0.4824483430787265
0.9620443554768005
1.0
0.8658736211091081
1.0
0.9761243903408761
0.9623631650437182
0.772651554091528
0.9532996892112555
0.77294608057166
0.3671187780265528
0.4531191991219322
0.7411393250697085
0.8768501619802849
0.874867619801833
0.842065834599588
0.6959404024958629
0.6859748918285804
0.6963427614628387
0.9213088800957207
0.9952359130318926
0.9119880299905649
0.8592630434298356
0.8649857746575184
0.6859456964332632
0.8222307035189131
0.7952695923911431
0.8222307035189131
1.0
1.0
0.9888291437136039
0.8520110817343931
0.8323388919952927
0.253599372066877
0.991287780536602
0.9512129549080437
0.798513977319721
0.7815103958408027
0.9724625378051501
0.8859526100120095
0.9927446190599127
0.9430874408074452
0.9320592018192173
0.9047860691246976
0.9030091170436101
0.950212931914826
0.8989189631929692
0.9222026691573989
0.8575547780789371
0.7234328610595414
0.7042575455176551
0.7071888267884853
0.7759946976713283
0.7759946976713283
0.6894944791271833
0.6030350545608933
0.6030350545608933
0.5834075711587547
0.6841887219540863
0.7912082252111254
0.7929554943954433
0.7913040005662074
0.8014732520454966
0.8301988063715457
0.9811441978959743
1.0
0.9490643540213397
0.6108198967948711
0.5936390870735299
0.6412594100367242
0.8807788423307131
0.8283883054673937
0.8286962297218436
0.9060688905719254
0.8470397785213586
0.7534541289618123
1.0
0.9683051993276668
1.0
0.9202462327133419
0.9641070182767697
0.8105991781942439
0.6062460905251146
0.5575417300607611
0.6325710771341506
0.8532073751875624
0.8168841627323693
1.0
0.8325701506663448
0.8324033969142152
0.8339741304572951
0.6576956506352853
0.5579543559138815
0.6576956506352853
0.9187277827243783
0.9162138921977575
0.9193076529729931
0.7554152286400223
0.7292194683129959
0.3593871243976338
0.8578251465729158
0.8375006043578113
0.8608194269446656
0.9347133427325379
0.8905662400914524
0.9238702155950145
0.8139427235823465
0.8139453994416631
0.78723157994154
0.46160658067361315
0.4571707576353778
0.75
0.8612130715148947
0.7296852734752044
0.858592435900309
1.0
0.9108559407563283
1.0
0.9122563384433702
0.8533433577021092
0.8398548334995611
0.8170530096595437
0.8144466617327524
0.2893800073439833
0.9087760700289448
0.9041776025033108
0.8854827987190288
0.9207658349686959
0.7443848201654657
0.9207658349686959
0.8972915084366215
0.8379957353435122
0.7855857330256787
0.9430534515362021
0.9430534515362021
0.883270318031202
0.6981152247660369
0.5455624958409154
0.5972742814136957
0.8891482273187173
0.8522108612092281
0.7870245026387548
0.698555558109314
0.698555558109314
0.6990687163543139
0.4458823379719109
0.4458823379719109
0.39501591725991914
0.9127888815867178
0.8638163480003822
0.8715510439495058
0.8282253006984075
0.7157593382465404
0.6691683108555804
0.9874705169905964
1.0
0.9302495232054255
0.7114062293994696
0.7250199677623339
0.7580252757709155
0.9519359868740617
0.902377128054477
0.9380726079167363
0.5980617921212283
0.6813951254545617
0.5883522004689405
0.9385527540360478
0.9005288570879749
0.8938993297668676
0.9567320885897268
0.879343828636263
0.84310769793284
0.8960002778164821
0.8960002778164821
0.8727421518116256
0.7840905233622042
0.7201630933673439
0.693994569205846
0.9311641193890181
0.9211581025917531
0.9311641193890181
0.22678414569515207
0.2247923595737947
0.22126626904208638
0.40638668204081013
0.6550941651264264
0.43092740502837296
0.8170789408590742
0.7957160179156546
0.8173107081894366
0.9071983824460983
0.5178532572563099
0.5178532572563099
0.7295805078956712
0.9655099758640145
0.7305551212758115
0.7123996796900788
0.7236935227622916
0.6986036527023387
0.6824768278606164
0.6902223421118946
0.9242751232506741
0.5620854370990627
0.5394160942407317
0.16963320108118007
0.8049969170510868
0.5417454203852103
0.5417454203852103
0.9830081544000386
0.7309088478686119
0.912074423595834
0.9152446001219898
0.8938184768696631
1.0
0.7218165717891282
0.6923041851517928
0.772502588795285
0.9327570273776593
0.7590658254132756
0.9255762628359523
0.3482309368266311
0.3263199804920745
0.2948335927018846
0.8640445143896138
0.8599351555776943
0.8641344701969176
0.524093926985503
0.9651972181026913
0.9301553811970792
1.0
0.9858936733100199
0.9858936733100199
0.6764072820981761
0.6369746695580536
0.6369746695580536
0.7023793378423882
0.7182538759633367
0.6894499731760549
0.8098797370484332
0.8205810175038252
0.8108338875785726
0.629674762586647
0.629674762586647
0.587439075494068
0.7532732504121339
0.75279865269729
0.16545393413288279
0.8717524269319106
0.8932035513801004
0.868902873560621
0.8479174643077642
0.700241294050128
0.7865674752044313
0.9353442260925053
0.8013637029402976
0.8928413477499872
0.9454480560149483
1.0
0.9120020959241065
0.9382412702324732
0.9266749424734579
0.784423808927271
0.9241174566711472
0.937291014608771
0.9147968427166383
0.9119317993030095
0.8698490341716233
0.7018972824167918
0.8880810166970312
0.32604224931048126
0.17326354775518088
0.8366472565840319
0.8318453168257258
0.6166965349452309
0.7462175183093069
0.6106510563766182
0.6064679614870897
0.5751696243253546
0.4233109739251463
0.5654173410824614
0.432866109768804
0.4457509819186892
0.432866109768804
0.9686257293927362
0.8480394101941804
0.5375210807767234
0.984055728252754
0.925282995974661
0.984055728252754
1.0
0.9552081138664832
0.7773647737483547
0.8103387819162063
0.5911368104089245
0.7908077021314218
0.7456779550749758
0.737883681721058
0.7456779550749758
0.8338772964444808
0.7689908035759612
0.8129352721143062
0.9039627547723313
1.0
0.40933573540184703
0.5048442322756671
1.0
0.4424081385201294
0.8154997983858245
0.8112226730605463
0.8133336327473204
0.8602130278285136
0.9290153606702021
0.8981891150310708
0.6242557440302208
0.6817820203392946
0.6917070952603823
0.848284604305107
0.8454911905768714
0.7197818416188559
0.8445528248667414
0.785310074933056
0.7716245763337514
0.7937033361837051
0.7937033361837051
0.791370889376259
0.837756823944686
0.8270051949570115
0.41598956598202036
1.0
0.6444108925256381
0.5017520906669466
0.861037291248504
0.8586962974275963
0.8586962974275963
0.8947195921854034
0.890980031159738
0.04744461499215171
0.9768344208824397
0.968443856365517
0.968443856365517
0.75
0.48331914363198225
0.5124651301411778
0.991117846425559
0.9752132676502265
0.9752132676502265
0.9379298106167886
0.9181823028535716
0.916467988428415
0.9578002304744209
0.9039462015517465
0.8717909982433251
0.92366336260516
0.92366336260516
0.5032796443942322
0.9904380104618092
0.9357728941904594
0.9738514076521231
0.7733571902802913
0.7588135139599629
0.6118903154875119
0.9468360826767446
0.9530860826767447
0.956441947134334
0.6154480014943098
0.46155015751820455
0.5980122019513969
0.8316964649480457
0.5655524960032441
0.47731327378879035
0.4968460124788948
0.7389217326273343
0.4960080944783856
0.9768034105524293
0.9339138026503222
0.9768034105524293
0.7369483901046594
0.7845224612574917
0.6990814643013993
0.8641336898833346
0.8462379959314695
0.8641336898833346
0.932365525964562
0.9351370598759179
0.875009850220999
0.615985753346798
0.615985753346798
0.6268438110909045
0.8198193176112395
0.712759750233355
0.7411911559624222
0.687174636616644
0.6018048044912601
0.43811556484816827
0.34652266806582016
0.75
0.35781710869224254
0.4865573952864499
0.4865573952864499
0.4865573952864499
0.9793876376422684
0.9039820250458468
0.9039820250458468
0.9495700832295787
0.9495700832295787
0.8745640517756696
1.0
0.8865223438321007
0.8212254816745743
0.555090727344703
0.44940722050495313
0.4174645010729382
0.9384676767813365
0.9222725272998453
0.9222725272998453
0.9469506108577923
0.9284001327987488
0.6958247106057993
0.7383933127111078
0.8167852673971956
0.7383933127111078
0.7855019898565438
0.6885967638662664
0.6885967638662664
0.75
0.5388756506326273
0.5881431679778395
0.6857906041987651
0.6857906041987651
0.6490355139899903
0.8405807728009266
0.8124322986932627
0.8455300857191775
0.8144838861298689
0.7990171057576047
0.8144838861298689
0.8649538053293708
0.843174228886757
0.8649538053293708
0.9216032372736287
0.901925476204356
0.9216032372736287
0.9020539972517466
0.7411403996962898
0.8775601388057902
0.28743578430629646
0.32635231162563266
0.3246613808903894
0.8744103666545696
1.0
0.8717491340165011
0.8860105391602295
0.8261882621753414
0.8568382546505832
0.8425501049866675
0.7261810588855517
0.9536834365653356
0.7603087287328308
0.5474743905628636
0.4707619383876068
0.8474665134502434
0.8463923231357879
0.8474665134502434
0.974455162548299
0.6820850203343698
0.924761136182169
0.741906546704624
0.7697323455530946
0.01121115091675513
0.8518751946169416
0.7492180659904082
0.8551919620119248
0.6274574205678645
0.6082527768211028
0.5641619727198299
0.8670571162889625
0.8670571162889625
0.8690947681003034
0.9265355946993465
0.8472578594646718
0.8880166245500638
0.8984343383223584
0.7595959799349401
0.8655497327942452
0.8176360449289218
0.8175937576742619
0.7867333355298852
0.9232081740109088
0.915118374521537
0.9579120733307637
0.7787541542754391
0.6954208209421058
0.7727777322645438
0.6280379462258131
0.4866752493370137
0.47954211915702627
0.9861467336485508
0.7955934186456859
0.9515157995442132
0.8413385266121712
0.8116270253024102
0.8224965905198014
0.7835994443576582
0.8023645601315819
0.7004907272620646
0.8587074956876681
0.8018328593483921
0.8019764696238929
0.8890878840438718
0.9086222373066458
0.8206746191252272
0.6413538527847611
0.6574961191970291
0.5610127661603443
0.9752539148003966
0.9211154477372654
0.9752539148003966
0.9468259303467532
0.9468259303467532
0.9268368182494268
0.8354675090357381
0.7408274916106008
0.7408274916106008
0.9054383383163312
0.9186871750915987
0.9048639788898639
0.669475174856262
0.4312561500134644
0.669475174856262
0.9022616787504268
0.9022604035527914
0.896807369857369
0.819865980478687
0.8213798236271946
0.9066789923045617
0.6129006272995287
0.572648156718401
0.5711916740636206
0.631131154581678
0.5974406640734382
0.1195776809772387
0.8258247345365738
0.886309469865599
0.816226710461147
1.0
0.7700752361963472
0.9174757155993215
0.5430795492905105
0.5220154786727425
0.4375366341500716
0.9549730768149712
1.0
0.9549730768149712
0.7778412165933224
0.7778412165933224
0.8371723660931616
0.7976801694862399
0.5929550975338926
0.7907690611186325
0.9623514420118003
0.8833860504510147
0.9587362547815168
0.7535939768332802
0.7649767999164441
0.7640137614688854
1.0
0.6293499543447357
0.895821301333921
0.5455663935882022
0.34005728980602784
0.3232220960002703
0.9245289231480115
1.0
0.9024147509671124
1.0
0.862113333455947
0.9111995287138213
0.9220353886687811
0.9197987590146233
0.9094651466115136
0.9111408238673208
1.0
0.9111408238673208
0.9060789511009603
0.8873613687517221
0.7815060125093045
0.8420341292195541
0.9101026912493694
0.9064305045266424
0.9122930233988598
0.8773811990053886
0.9244763279497553
0.8926135128511269
0.8721917537072185
0.8068229072934038
0.8702228654193052
0.8398550904198145
0.8622319396688958
0.9879253185421253
0.7617597697080991
0.9585390776156963
0.8593085538319111
0.8594912683984993
0.8440733698646755
0.8603656137996214
0.8714776485860107
0.879542164715043
0.9453843142229201
0.9203843142229201
0.9453843142229201
0.9887568633548559
0.8684268574905859
0.6184401022228776
0.6545766105233017
0.5998651830373692
0.6549439831115669
0.9359971258337021
0.9194614809061505
0.9172311856295101
0.8398531923701842
0.8550376504788975
0.8502824688467654
0.8875463890965807
0.8739640910395894
0.8714581155481158
0.5921404997177443
0.7544132687718133
0.7532894051527262
0.9112249604160851
0.9112249604160851
1.0
0.8078176965691323
0.7929292885872037
0.6243678324554153
0.8190192484860904
0.5628632287958787
0.33426802910197495
0.5413791039924019
0.5246197226677052
0.5064022851176997
0.6851524552759454
0.6509992360981436
0.6827141796238045
1.0
0.7147843977727955
0.7266666402552334
0.9004811493856318
0.9004811493856318
0.9052565812908444
0.6488506441060511
0.6395551394330947
0.66309150666308
0.7883431501366827
0.809815046255552
0.6593106781260607
0.8033414009261223
0.7963577210121365
0.7963577210121365
0.881074594583384
0.9071551334645519
1.0
0.6018814839843075
0.7777719662455939
0.5615714621865568
0.9918666759697026
0.8143342479813017
0.9767946379673396
0.7365539141563381
0.7951539240720796
0.7381398005443807
0.665449847868329
0.712232484303364
0.6839616567013123
0.8986846695029989
0.8855888421596434
0.8855888421596434
0.7188560655622411
0.7389843937934328
0.6891811754549537
0.5013308597549058
0.4967430391613106
0.3974719684179322
0.9514252703296939
0.8891774503958164
0.8608625505453752
0.9549730768149712
0.8882091582139151
0.6997040376034998
0.9438028783978646
0.8611053644186253
0.5502061826552886
0.8440322951520413
0.8688443511120965
0.8411164761205716
1.0
0.7992951498311056
0.9544117639172663
0.8381856956746705
0.853748433783902
0.8305872212627212
0.7840830873919282
0.3238375011849039
0.28184380905227696
0.7520072306487418
0.7265065264456179
0.7520072306487418
0.8669242238989153
0.8326455483379032
0.8192931471101159
0.75
0.47857527500319164
0.3730985241202336
0.841881489492514
0.791669158499258
0.6756364540004266
0.9104821307358283
1.0
0.8694528953141802
0.5981043762118491
0.5981043762118491
0.5437128914626365
0.8541576850717973
0.8619987093935004
0.8619987093935004
0.7960649168538342
0.7960649168538342
0.8681934983956332
0.917375800731653
0.9051461985582439
0.9113693097882326
0.7099701339412481
0.6807597417060592
0.6810081127766522
0.5665285807140779
0.5682204209443852
0.5685454188025404
0.8271183104714003
0.7576280906055332
0.8211589210465617
0.8814312210148447
0.8993635665059974
0.8758761536191793
0.9111898354015756
0.9049473355346794
0.9111881661028914
0.758410033988548
0.8685923068004564
0.8688779976257035
0.8842265265777645
0.884139627425176
0.8842265265777645
0.8747974189690186
0.8748849548901609
0.8270395319992251
0.7516363785725487
0.5757813972791128
0.7642817324656258
0.8832451796466343
0.8244768803189977
0.8736508283484163
0.9712165828146289
0.9712165828146289
0.4940659396790804
0.7928974408186049
0.7941809058051619
0.7916475413713362
0.8652995598752621
0.8652995598752621
0.7953714534193415
0.6383932389037003
0.6365326039710109
0.660199047355999
0.455895177309745
0.48837653390789554
0.5180550234855252
0.7226563841900471
0.7422900474638275
0.7263804405663782
0.7267375453873762
0.693069108685893
0.7066206809890759
1.0
0.9538023580736263
0.9664762354122505
0.5557115793868646
0.5386674333361055
0.498708394592396
0.9382153461773062
0.8958192712439392
0.8662928383010231
0.5034139137768403
0.19593620372770215
0.3582215104367345
0.886618201689923
0.8847798383511246
0.8974271663692726
0.75
0.5454992080878575
0.4188416556441147
0.7175330433142968
0.7175330433142968
0.8897005343423041
0.7609331916458537
0.7628483608591878
0.7368891784516086
0.329201472598875
0.2911605247921346
0.27296318337364944
0.9926963790225544
0.9835541423412352
0.9212205890604995
0.4442817420935914
0.5856239674293263
0.2572650813652852
1.0
0.8443504245571928
0.8446168020545918
0.4326919867121237
0.7865304533334762
0.4987353478753439
0.7432999365946495
0.7725270045774133
0.7434333505256818
0.9051809614643849
0.8832566701459099
0.8835470264081109
0.5555744858174682
0.5534236469076133
0.5520712941473241
0.9340030520663402
0.8948752939326012
0.9174515623632921
0.6993439242539181
0.75
0.6608515061412529
0.6960718717531981
0.6277380758681645
0.6958714009609789
0.9257122314142547
0.3484609009738328
0.3785979089812495
0.9143754472581269
0.8177922222032947
0.8511272876582333
1.0
0.3653316493148191
0.6148017647985893
0.8874043294928325
0.8827836243723738
0.8874043294928325
0.9151515107976669
0.8742505195385017
0.7614865000856715
0.7898280577310541
0.8056492772640904
0.7918501472395237
0.7988266362400803
0.7924565177059671
0.7924565177059671
0.7246608096864131
0.5192637210815735
0.7379211226390451
1.0
0.9622083714248773
0.7494157473930119
0.4068401150584591
0.3422908282021383
0.4187209409749182
0.9406386836792521
0.9281899434636125
0.9281899434636125
0.8428921116643987
0.8862088865894528
0.8837535173519464
0.7954139990299531
0.7954139990299531
0.7954139990299531
0.6552900867289013
0.5199234629176367
0.19126443410141658
0.4832832169071669
0.5986625509202861
0.11779786433597819
0.937529232822188
0.9328974036853215
1.0
0.504702589868221
0.5109138816875066
0.6078564255903243
