5.690864983597541e-35
0.3870373805687513
0.7400548306913562
0.9989315711769525
0.9625242676453669
0.9063125993989435
0.999505122492288
2.97815373935418e-06
0.9982894646360618
4.2271109191106394e-191
1.456236268487477e-13
2.542641407687616e-05
0.9997000449955004
0.1225097083868609
0.9941153825878427
0.7724391836314691
0.9999830001444991
0.9755976708947269
0.9998840067277398
0.9998790073202047
0.4283691307832449
5.759959220512965e-15
0.1441348441303039
0.28307822672861455
1.0969875036267022e-30
0.9998280147911519
0.9986648920506959
1.567930293039366e-05
0.9938132174429651
0.9594021010059586
0.9793570441778475
3.027668456304137e-09
7.105906232100977e-14
0.49998159061888625
0.6580489225768044
0.9967602593221285
0.1758276544127963
0.8652948180534962
0.9112791565109474
0.804147153346591
0.34756693980367237
4.993229325579913e-20
1.2134382232120751e-09
0.9980489058635809
0.6810912416108295
0.9990424587354988
9.214730103927096e-14
1.6874761712675374e-11
0.9986908576754409
1.108177389007377e-18
0.873163024523185
0.9999110039603825
0.7873904728896833
0.8996369373420181
3.8635650595470663e-36
0.9992532789350409
0.987979826465418
0.9999930000245
0.3586848970549881
2.9530216372378887e-10
1.2475520008926936e-24
0.9853375560693312
0.992107312127649
0.9436216383630136
0.9895994635418042
0.8162602835018364
0.9999970000045
0.9267161158140713
0.8622845141139287
0.9647415860317045
0.8841106981789983
0.804414174524565
3.801114103610373e-13
4.193097302646679e-18
0.9575215994590428
0.9996990452959552
4.392884689370444e-12
5.495764330927277e-18
0.2880457376991538
0.0644051293984108
0.420690866023005
0.9881151889737639
0.9975809306754905
0.9995780890294761
0.9563780445578282
8.336281902491838e-14
4.41331021235432e-11
0.09524954898996764
0.9602486669397423
0.973601691445336
0.8317503028265486
4.025546016584276e-06
0.5720916918568757
0.9961165601318304
1.8371904731051113e-16
0.4377619541597512
6.278740888837839e-05
0.33385450322560806
0.9480727871314484
4.67938655307149e-11
0.9642429435419165
0.9992662693121043
0.9715544153988435
0.7167171551237999
0.9998010197991867
0.8397785943855786
0.8930372371846894
0.9726062061925114
0.9991543577571054
0.9979351347733878
9.870592281288811e-20
2.7177689422798216e-14
0.9990464549133261
0.9995291109030875
0.9994961269866653
0.9938976951566998
0.9995570981100119
1.4266704143252686e-36
0.9999540010579838
0.9693010831774342
4.283224110845511e-11
0.9623519912206584
0.9998880062717659
5.184326451374629e-10
7.117285607581783e-26
0.011186540102009191
0.9438396401397113
0.9999660005779935
0.6009383071792141
3.576085087094123e-07
0.999567093730971
0.8625311627540396
0.9999930000245
5.515394899642656e-35
0.9997950210110642
1.4846119053659777e-15
8.456826034029447e-10
0.9602457861980626
0.9925647790365606
0.9986638933863031
0.7438826389043327
0.9994291629894761
0.9999300024499428
0.8999230673803578
0.9999830001444991
0.9776055631119831
0.9999530011044827
0.9997990201991467
0.9003191206553359
0.9996630567781217
0.9955290247013481
0.9949239270226642
7.196364547548822e-75
4.95897790002436e-07
0.9988576529756925
0.09891375204698083
0.1840838350255332
1.7082135484688803e-12
0.19183608414489658
0.9998500112494375
0.5751502315785104
0.6053224425699838
0.946142582338042
0.3137210699870749
0.998499127437459
0.8913420773458459
0.1329342013326839
0.9958157783510055
0.9085521413522719
0.9975919041260818
0.9997040438036779
0.1687692300280804
4.4174501962663776e-07
0.9698168885457472
0.9670935942015064
0.39160288544700655
0.999998000002
1.203756566152583e-23
0.9867554907256378
1.0993799091677336e-14
0.8083767939602235
9.868340207391625e-18
0.14012281372932814
6.345256113504429e-05
0.9993652015698321
0.7122260015708426
2.1429480296202266e-05
0.99835535391505
0.002328863263952221
0.9957968580309605
5.008699506787417e-14
0.6212392534441188
6.045762164754033e-06
8.596036362380369e-13
5.153541812720228e-13
0.9848499346753286
0.9454001518529974
0.9997740255360762
4.197896073800792e-05
0.9999850001124995
9.281380763043247e-25
0.9976507637847681
0.9956265913264554
0.9989275754586592
0.9972148856473038
5.842664826921731e-43
0.9998710083201422
3.671236868832621e-39
0.9998170167434787
0.9739288765776858
0.9871670535701597
4.836519265153591e-14
0.9979231596236215
0.999940001799964
0.9338224081494784
0.9998710083201422
0.998587997814474
0.9999320023119476
0.9745241289523568
0.8172943234299148
1.4212658667215359e-10
0.9657599254845762
1.052826365876616e-25
0.9938927256806477
0.9439019356116884
0.999707042920308
4.4605015234880095e-13
0.9861606565252656
5.400246269343285e-06
1.152727886798956e-13
0.9901627058638037
0.4798858576119863
0.9969406892574824
4.0007314580815196e-13
0.6105292958087365
1.8595799034095053e-28
5.240144230897065e-11
1.3424825617946103e-06
7.778203647130247e-26
1.987720466439165e-16
1.0369623800966296e-07
0.9996650561062347
1.2250143777894267e-17
0.03758331789663851
0.9999950000125
0.9999830001444991
0.9756591354841075
6.903996625250376e-05
1.61944276188823e-12
3.689337943814671e-11
0.03936142512537206
4.884538410445008e-30
2.0743014885187658e-05
0.7182346160561607
4.113973397400234e-25
0.04081661704391883
0.9997590290381673
0.9999380019219603
2.674676880990108e-17
0.9945707917137971
0.9978353462494198
2.2797426367217687e-06
0.8195892326719422
0.9925826453633797
0.9479391182923375
0.9431339120640919
0.9893837543719058
0.9696772449683755
0.8523500327176285
0.9957271546905437
6.207793015686227e-37
0.6069304951486901
4.7737432422593484e-08
0.8784001829065025
0.9343071877687374
3.84397933786554e-12
0.8588422651450748
0.3372516133722022
0.9999080042318702
4.0294293558461093e-19
6.575354315955988e-05
0.9999690004804951
0.9999950000125
0.9794706561843411
2.2374591856281442e-10
0.7769750809330551
0.9958874796682633
0.6351716510526838
1.3142391208123144e-31
0.8848324269339972
3.417839584257983e-07
0.9138928009675228
0.8805399325013775
0.9998930057242958
0.9933591485652349
0.9983234070548773
9.488633019762024e-06
3.417396247383897e-10
0.9353233318560998
0.04176949460581695
2.3665342851540112e-06
0.7578036225939877
0.9978712689684899
5.134775104703312e-22
0.09444968690203868
4.567033881201151e-21
1.2857081434570615e-07
6.45319809718753e-09
0.5884625445098335
0.20173365322940529
0.1008750153725466
0.9989915088693359
0.9235244539968764
2.5014724987055806e-06
4.747452739909068e-13
0.2686018788348309
0.9708871867347532
1.158970046500553e-40
0.08662611066713823
0.7189143874841404
0.9852409977202727
1.3761657758954037e-13
0.7303145114652136
0.999820016199028
0.600813325009917
1.0164339711426397e-15
0.9964273969866194
7.016051889745162e-07
3.383497788018517e-11
0.9956355520061002
0.00445886067330554
0.9995690928671576
0.08023295004848076
1.2373660039237375e-10
9.827803543302974e-05
9.090083061887202e-22
0.9957839127559506
0.972115164056959
1.096873066538095e-05
0.7406915515964967
0.5415856788685582
0.41794058404237966
0.850209915989267
0.01044959559879536
0.10389744210460236
0.9999830001444991
0.6991660579087274
0.9984521990812945
0.9963227776025496
2.069161525286668e-05
0.998980520023177
0.9997790244187011
0.9570707129777993
0.9875896514985932
4.2565455601107646e-10
0.999992000032
0.42073672382660643
0.9573684082587522
0.9909472253555582
0.3923237057444607
0.9726519197584628
0.18299178826799847
0.7761922846470836
0.4743949862345605
0.9999910000404999
2.2500540358405806e-24
2.5683801154546475e-15
7.137758324394673e-19
0.9988246912170163
0.9963247702500975
3.300206818769664e-23
0.9729632181778761
0.9723358592471564
0.805837636754945
0.8331229905458831
0.9999880000719997
0.28484673935658766
0.3345255565801756
0.9951736842715704
0.9969267321855325
0.9964552973443382
1.5020180310509681e-06
1.6915438809880333e-07
0.2737513681652469
0.9999560009679858
0.9838075306448612
1.0244695361034435e-21
9.848291840471729e-11
4.3763153056984935e-12
1.1654929329362715e-12
2.66974541032734e-12
4.881096254471138e-09
0.0069645310745274575
7.094536139299289e-10
0.9967951465417276
0.9999020048018431
0.984721912505442
1.556239848199454e-06
0.9996550595056567
0.9999720003919963
0.9940895359239036
0.9953866742291171
0.9881181533237774
0.9578529592543945
0.8689584225745219
3.152529182865607e-22
1.703675024380556e-29
0.9999930000245
1.9148679677150878e-18
0.9946513552107035
6.601372030516677e-27
0.999452150124576
0.8698165079330674
0.9982135975197364
0.6035285090746433
0.9995650945987827
0.9999180033619081
0.9970912386677547
0.9945509004968757
0.044166530731767864
3.356623029554658e-26
0.9844098051308103
0.9559630665432328
9.158707104567875e-11
0.0024237338855272847
0.8698643491566254
0.9398875862172714
6.430731541990193e-14
0.9966496250736582
0.7463549407808745
0.7280038080217679
0.8142189245999057
7.933077518078065e-22
0.9957978538283164
0.9675579105537327
0.9999560009679858
1.1355734514247601e-19
3.481273693146485e-67
0.990472675298425
6.00188594468272e-08
4.854669488633891e-11
0.8941801625560198
7.041307870255441e-10
0.9999320023119476
0.4643688997825767
0.9250920804423187
0.33705909766943054
0.9088747346193691
0.8668988289121194
0.542159521898735
2.0521073317406214e-24
0.9962331125875515
2.3923113144695684e-32
0.8145845909830108
4.152246876829491e-28
0.6905416426403324
5.155374041934615e-18
0.99855105074208
0.9995451034968024
0.9999850001124995
1.6021469985535991e-28
0.91929151316493
6.154149568626957e-17
9.088048593155163e-13
0.9984032761221617
9.18833007652048e-13
0.9998970053043179
1.6614423587731688e-12
0.41430494258654715
0.9681192569165628
0.20822001372909654
0.004298504961975374
0.5935392108326042
2.1464752297927184e-33
0.6483555790674834
0.9990204800431731
0.9487565940937575
0.9998060188167832
0.8189690383959598
0.9999260027379324
0.9998900060497782
0.546689652751404
1.0962119533965366e-06
0.9810272912274666
0.6597040194016044
0.9952881358260999
0.9481495841374428
2.313953556618196e-06
3.781939687785643e-11
0.9433074646702618
0.6840125592852596
0.9233009881194709
5.690573966673752e-12
0.9994641436223384
0.999914003697894
0.1402547313545559
8.184291725872054e-18
0.16413007914979008
0.6585354004620276
0.023022874817840672
9.955263615165774e-26
0.9996690547744563
0.856880337204422
1.0392210009232617e-15
0.010928731939918654
7.32751858503695e-10
0.9999480013519766
8.043401902718278e-12
0.9992223025635301
0.983267568543696
0.7312309003183155
0.9987058381506593
0.9999590008404885
2.0607371198193573e-08
0.9999660005779935
0.9921340993867028
0.9524515875425352
0.317622089724025
0.9970643175677472
1.1629973069925874e-06
0.21342452963012312
0.932682906796272
0.9965888313007576
0.8758985546024814
1.144321551490196e-10
5.723027393282276e-10
0.6553184357727352
3.3859873846452784e-06
7.040589200219849e-20
0.9984731667976354
0.8975800234285197
7.179002134434309e-15
0.9982904629260255
0.9984342271034593
0.7113156468108022
0.6612230849018988
0.9230591149473528
0.9999580008819876
0.9674263316254674
8.968393454470316e-06
1.135374004376822e-12
0.9661859195364993
1.2474312262248508e-26
0.9939752222004374
2.9409820552268406e-06
1.8716477805228425e-13
0.9965928176640555
0.08696652539008921
0.9905311149102193
9.128331511070625e-10
0.9998130174834102
0.0002571944871316111
0.677887455268276
0.3185951832842826
4.65833902815821e-21
0.9849878233181628
0.9982974509837242
0.0005440110493551442
2.3585206538442613e-17
0.9941998859867063
0.38010262383438975
0.9998040192067451
3.6263256932721486e-10
0.742917705616216
0.16218412744687183
1.1825700942263671e-12
5.417935110216033e-19
0.9990504511071381
0.31852127777513123
2.633634024903608e-07
2.3366171753727e-24
0.9987477846767324
0.7548811193088326
0.9996370658765287
0.998126756714382
0.9337262293947299
3.075755773188716e-07
5.326788309065819e-16
0.9985869992269756
0.9798968186033874
0.022282046822218755
0.9997600287976961
0.9221088535275992
4.5210843245273434e-20
4.501902219647606e-11
0.999998000002
0.999862009521562
0.017983924562149298
0.9942356778268511
0.20062756502665452
5.915672091597142e-12
2.212482339958762e-12
0.9999660005779935
0.9999460014579737
5.294724528551243e-21
0.8354289278290223
0.953476023534834
5.539230811589269e-93
0.7924538566287336
0.18240277274583833
0.9979840347930324
0.6870199141925967
0.9996140744884155
5.831648761934013e-19
0.7725488777836452
0.812659562047994
0.9187483723945562
0.005234196147166746
0.9704465039945269
9.719619658324332e-16
0.6132319681661567
0.9952801735528624
0.9950970588479982
1.0218235854254176e-20
5.2095670054484666e-08
0.9988286865237719
0.9998570102240126
0.7010949161805287
0.9947110360824244
0.8095748869609581
3.725216693661187e-11
0.00037222464557595835
0.9159037465636523
0.9817279948348228
3.8009342159336098e-31
0.16515332403150415
0.9582745072902333
0.6473973699363639
8.730178268156924e-30
0.6326290800951317
0.9991203870864463
0.9980868324426042
1.3995440260674194e-16
0.9521192399365135
0.9928705360726703
7.006301952210148e-11
0.4007554051490601
0.00017388141744835686
0.9712892172446347
3.372788141348841e-08
0.7298895920830752
0.999284256266834
0.9998280147911519
0.9198717691612509
0.9901310211641741
0.8061793843583012
0.6166824841092114
1.145487783368198e-06
0.9666933003200578
0.9527202167651624
4.450665568539996e-07
0.9998350136117513
0.8931265453737429
3.9932711972832264e-08
7.215543278776244e-16
0.007991554359611087
0.5656809795810704
1.0144075464048314e-08
4.049270133625423e-07
0.3066123600752515
0.08086744065658268
0.67232394069791
0.9974003848669268
2.8538989612666733e-12
1.7856457934744723e-23
2.2636341617801973e-06
1.7215612011010286e-135
0.7834570788409608
0.47603352336176463
0.9912544666153532
0.7376742112642559
0.9981157773804445
0.9875234852085383
0.7428478746339956
8.135524466132238e-13
0.36294970791657233
0.9999780002419982
0.03818513405409205
0.49967569549888186
0.7228901534287281
0.016362338793289997
0.9874415241606965
1.2133439172230793e-12
6.802172340032527e-11
0.999693047119678
0.9999440015679707
0.9125877808139153
0.9999680005119945
1.9043262182191042e-35
0.9984681744442823
1.3507173706024172e-09
3.44004005746198e-12
0.9988576529756925
2.6468958628581618e-17
8.919096488709958e-07
0.9998900060497782
0.9905746992381235
0.6742556077351488
3.607126810075699e-06
0.9552492287841221
3.107559156474532e-17
1.6495851580643594e-09
0.46315847724268533
4.921494437576034e-24
0.9969456739733905
0.9999300024499428
0.9992952484541099
0.7692163574176923
0.8868938295031662
2.244784572885485e-06
0.2479855005625292
0.7426376784296399
0.477949117930881
0.8671303218023646
0.0964882538314308
1.1789049495371748e-43
0.6609341935411565
1.917990008062368e-19
0.9999690004804951
0.1422498870500877
7.705472139729181e-08
0.2746117491903605
0.9944464781345934
0.5255914915571169
0.9923950649703115
0.9996650561062347
0.9994601457737595
6.349072230691953e-29
0.9940656780613368
7.550612939099378e-08
0.9424258843937993
0.9904281050308751
4.4761304302610504e-10
0.9999740003379971
0.9522792094058821
8.57115971309287e-22
0.9987897329645967
0.9991103959325313
2.042504675684895e-09
8.985632023941777e-20
0.9993252277612509
3.279348399436348e-08
0.18034673057857217
2.7089943782938436e-16
3.2606414177640505e-10
0.9857278270100809
0.23160359753635226
0.9749315651864995
0.6462188858533556
0.8432363437108801
0.9997800241982254
0.9773113481190642
6.689477636301881e-30
3.935781226356837e-15
3.700046528756418e-15
0.7768647583046545
0.9996160737185638
0.9812686536274665
0.954356488176481
0.9996510608934158
0.12062448364444046
0.6928768508393894
0.9733865492456154
0.9998510110999487
0.9997170400407227
0.9992662693121043
0.48497545382282736
0.9989955048433633
0.2780609346281709
0.4613058532045244
2.8204711062198985e-10
3.3011349211634845e-25
8.164305950116074e-40
3.3913517251478826e-17
0.9994061763830744
0.9260278214730335
0.9919009752665039
0.9878830091865486
0.9281972638329251
0.814700270207961
0.0015975405318250325
2.248147216929558e-26
0.07029384762486726
0.9825156564967878
0.9016029899418817
0.9998770075641898
0.9999720003919963
5.605216325978131e-07
0.0002664257406244982
0.9206889780793253
0.7865334713867195
1.1226927556740922e-22
0.9152427027241753
1.4061828531316372e-09
3.448911499582046e-18
0.23790900746257795
4.600392292783777e-17
1.445729611992719e-12
0.9322912622265344
0.7930127335786337
0.9988127053926369
0.14113745574994233
9.437583195376834e-10
0.9964453328411873
0.5507865122450465
0.9984631821158909
0.9010324558423415
0.996632682174047
0.3198967472818669
0.9856627711203662
0.9976168442354351
5.397763229277659e-07
1.6350033232997895e-09
0.9999560009679858
0.02293754938832922
3.120773631630041e-10
1.1119548116132883e-06
0.9956305738407857
0.9183423753459153
1.2555098182321033e-40
0.5819306479202894
0.9980289450850721
4.521457908224613e-16
0.942873643023142
0.9238172576557214
0.9851001183307152
6.12984785524115e-10
0.07806324090222408
2.2194552144817615e-19
0.999982000161999
1.1889573468688536e-08
1.1284358439972803e-05
0.5893629919570372
5.169185413880349e-12
0.6365355565098477
2.158439409503749e-05
0.19923126367236232
3.399665110776204e-10
5.258221422400494e-09
1.9329177540149636e-07
0.9984981289388308
0.9999290025204404
0.09230296633645343
0.9951706987549959
0.9982155939489279
0.6470821641760373
0.004892866259869302
1.2189998980766539e-19
0.7743246878568849
0.9577859118939317
0.7672773034470884
1.166420735987055e-20
0.6290000140151872
0.9996630567781217
0.9954364448070826
0.2749546785967902
1.3851272642104909e-11
4.3190559010398985e-09
0.9411977619504095
0.9841273200552851
0.9999180033619081
0.9959183526586619
0.9994251652808197
1.10418338743729e-22
0.9873141524197337
0.09388102404856076
0.9007270576077364
0.4664054307679642
0.8657483513535034
0.3606948388068283
0.9313966920771716
0.959670771206313
0.9992213033417272
0.6333722227745616
0.9991543577571054
0.9985630334265848
1.8037755986924078e-11
0.001151065780657632
0.01972875623924081
5.5835878741526405e-06
2.5193555605113797e-23
0.5087238215306865
3.058597317343794e-26
4.966537677013576e-21
2.3920756574818414e-05
0.9998600097995427
0.9973555028594606
0.9998000199986667
0.9378521171760564
0.9985460579993082
1.7112867244073055e-06
0.9995890844489301
2.3867596497984876e-07
0.9780475407059211
3.2753571937719374e-10
0.9968848621420578
1.2668931414506877e-06
0.7619700717389095
0.9999690004804951
1.317085081176415e-11
0.5110657641972454
0.9997960208065851
2.382591016616985e-06
0.9796450174788368
0.9874671979740829
0.9998520109514597
0.9999460014579737
0.9997490314978646
0.9819341793623557
0.016956348033809826
0.9933641153733948
3.151484623828962e-07
0.9999630006844915
0.9986778747786801
0.9975140949921557
0.9859979534403126
0.9999460014579737
9.933592637239255e-13
0.9969177598853183
0.8554325769804656
1.2119686801696e-22
0.9997040438036779
0.920168015564032
7.200438017107121e-20
0.9487575428508259
2.5076398774682694e-11
3.996601951299181e-16
0.790481520169937
5.40624437350375e-07
5.41950301137247e-12
0.6899563115428349
0.9038797024101883
0.9996650561062347
0.0014684615365613755
2.1173815532819216e-13
1.3222637526524775e-24
0.0014001456668829258
0.9976118561636841
6.170760672215549e-12
0.9925816527812306
8.322179743508334e-13
4.6725287709961315e-26
0.9999460014579737
0.9594970865156633
0.9999380019219603
0.7081707797781566
2.6106167286013496e-16
1.37254958730723e-11
0.9975689597761479
0.9985840034704715
0.8251995855723193
3.3025120128535147e-15
0.9771002716649482
0.9975250677075503
4.872120800026521e-25
0.0752024852526471
0.9988107077692236
0.9996820505566408
0.9040360871255931
8.565636087366473e-15
0.2013348171081744
5.688588302877871e-12
0.7112039790204038
0.9984502021788932
1.0685696471343992e-32
0.6821416123169228
1.0270163355919052e-09
0.9996670554383462
0.9851976480700724
0.8552555207629814
2.3613559826004422e-11
2.4519974443687677e-32
0.9999670005444941
0.9997790244187011
8.444211769195423e-13
1.9421861729039367e-24
0.9998550105119919
4.848132507985634e-17
4.399484895956196e-05
0.14197589348252795
0.9999710004204959
1.8207416715891314e-10
1.5203952012962846e-14
7.958595088861045e-16
1.1796201324182636e-05
0.9865680249922085
0.9873585825562632
5.728098243147672e-17
1.4262194596484292e-13
0.9953807019269887
0.9058052064265723
0.9292262763689234
0.9998170167434787
0.9909095700764495
0.23899156991377757
0.9978872350365215
1.2189167542425702e-06
0.002793195494550787
7.716442856025635e-16
0.4310634430755288
0.9997730257625506
1.160686943988301e-11
4.436735919740763e-21
2.9694823686001926e-07
0.9997080426278507
8.700812549948796e-26
7.281101210360252e-12
0.9991953239255741
0.99880571372817
0.9668344478454232
5.173935310580586e-17
0.9984112633803197
0.8724010858374038
0.9856716421252257
5.893869641317243e-19
1.7182391611670055e-11
0.6072838315077735
0.8078361707436936
0.9844176804407526
3.9894131459273543e-23
0.9703164728752712
3.2667178553373323e-19
0.77107703092574
0.33865784096300444
0.9298388383020388
0.9661327807722543
5.131740035209417e-30
0.9450050571700643
0.9990614407225431
0.999862009521562
0.9465551904459727
1.1655007380673292e-41
0.9994451539840117
1.9525890481182697e-13
2.1503594687564003e-11
0.3559379005511579
0.9941531596901415
0.9979311430408322
0.9836648888946945
0.826658175596349
2.1937318088346383e-12
7.52515542547815e-05
0.7309918269045449
1.0841696504863766e-15
0.39675314210406876
1.2103938916766229e-09
0.15431257898899947
0.5985638956699874
0.9586281758312563
6.472353751002533e-09
0.9988466656019405
0.00040117412418732895
0.9996750528067792
2.2684353073738744e-14
0.7660774535945952
0.9985710219628063
4.1184370885528575e-08
1.161695829903672e-20
0.09809655796788806
0.9748925687038269
0.9973824318215772
0.8960509533912013
1.68865106349781e-11
0.016227450425982524
1.2387621946820148e-07
6.221001644879737e-10
0.9998530108039706
3.8858564805846226e-26
6.541272058793925e-07
0.9760065319692453
0.5232248415183609
0.7764461410274194
0.999934002177952
0.9999860000979995
0.9986559041071132
6.467627797980202e-15
0.2869153656263703
0.9949866092045346
0.9991623510239405
1.2298005760350995e-11
0.999862009521562
0.9999250028124297
0.9838596738257674
0.999914003697894
2.841727426204841e-12
0.9993352210634949
2.6142824806796957e-18
3.135541636391304e-10
0.23278011114509897
4.113266813682689e-06
4.599225119148846e-09
1.6921738818158437e-11
0.691047304172287
0.4337321939395055
1.0511606450619965e-10
3.5034347238093778e-09
4.665125535220556e-08
5.056560979093894e-28
0.999707042920308
0.8719039589131096
0.06952415728299544
0.8709636819121102
0.9999430016244691
2.1029846148830687e-17
0.9999880000719997
0.10259285377366863
2.622434214156842e-32
3.553037540402313e-31
5.020557698915547e-11
0.999048453008234
0.9901735977134734
5.1233480372220015e-23
0.9944723340791508
0.5706855052255821
0.9999830001444991
0.9996610574540075
0.4489229542777569
0.9862701264336075
7.68155517138835e-11
0.9237036351209589
0.22269548028674474
0.9994511506729256
4.897123651860643e-11
0.9981986244280721
0.9180705862295866
0.999867008844108
3.045177338963987e-23
0.9991103959325313
0.00022799542386016614
0.9694009263308356
0.003819415036102049
0.6983876205903067
0.7537029154172643
0.4266684632513916
0.9999700004499955
0.683890815885191
0.9999840001279993
0.8170794032860904
4.145251025478157e-36
0.9998680087116166
1.5162788857185493e-24
2.002501992388976e-15
3.9331790715403174e-11
0.17527659674308607
0.9999280025919378
0.9999410017404657
1.6189543662288882e-16
5.679661057426558e-06
0.9999120038718864
0.5834433024583722
7.495769119381471e-08
3.931404876530657e-09
0.00021608515324098807
0.6508780379655495
0.9945369768817343
0.7304284494159312
0.9239373617058108
0.6899728706930208
0.9974103589206457
0.4522505222164213
0.8516965308925214
0.9932647839285125
9.269111988781606e-17
0.9873289622430934
0.9598022551084099
7.835121593113185e-15
0.947684156963353
0.005039290402328201
0.9998520109514597
0.999914003697894
4.396846097607005e-16
0.4458659199832176
3.875135221100254e-06
1.333271563431645e-08
3.6945220993681863e-13
0.9588755338084277
5.541320024527361e-08
0.7604210393179834
0.9899052970248783
0.15939785012708607
0.3094462095072747
2.1791217527993772e-10
0.5297966634064868
0.6822139231602354
0.9554546294480908
9.734175393943337e-10
0.4795889001839304
0.999746032255269
0.671959639856498
0.0004071780495504755
8.197737560318789e-13
5.0237795959177745e-06
1.361776398668651e-11
0.5128632697698694
1.2404337773195591e-23
2.4401177636138953e-14
0.8899669070830599
0.9615554935674616
0.65502229877177
2.0684605831202152e-07
0.1328478221780842
0.14558415131540073
0.8687516350786374
0.9998730080641586
0.7491148271042356
2.7181088093079876e-36
0.9999490013004779
0.28471659413714934
0.9999600007999894
0.13055939782816206
0.9997160403241826
3.421286581979864e-18
0.9870357690826468
0.9999900000499998
0.10659389916347735
0.999866008977599
7.465177504368541e-13
0.9983264020295909
0.9841716067811315
1.0696738264266555e-19
0.997053349920576
0.9945260370351579
6.474987330850743e-07
0.059990143815227326
0.7837572003717614
0.7187454624525502
5.854528093494784e-15
7.147962813438079e-15
0.021611169315527482
0.9932727300785684
0.990603426320942
1.400478061675862e-07
0.02457604723553213
0.9999630006844915
0.847363088729092
0.37784848388573866
0.9906836684482363
0.996131501992296
0.9999260027379324
0.34106643384973284
5.030294167320157e-05
0.1254643028892829
0.22171089956310538
0.9366955214298043
0.8615691148989583
1.8693665888712535e-07
0.9828615628838272
2.7219805097960316e-08
0.9338364155906562
0.9973594922894509
4.083617762081176e-14
0.1905577463316947
0.9960617752276218
0.9999760002879977
0.4359459548859362
0.985261687998472
0.8519904168880985
0.03603494921251337
0.38798484476722755
0.8228371265636953
4.783387717258062e-11
3.933398969952968e-10
0.9993092386855196
0.9999370019844583
0.9999110039603825
0.00021407888272462132
0.9965649134558217
0.9240353042570151
0.6280138868122889
0.9859930234628703
0.8436572236472026
2.957211167169799e-07
6.509834580713606e-22
1.8387032320450898e-06
0.9804653236086918
3.7693393370912804e-08
0.2049043487899179
0.6950023862291512
8.830160038552908e-23
1.7234536813570817e-24
0.9941104120233563
0.9994101740157753
0.9805045430060189
0.26439528605564033
1.7640165643924223e-36
0.9983114272458716
0.9584489291224654
1.136617971966573e-34
3.337185976763568e-10
0.9939573308074607
0.9994831336214716
2.948346724561471e-17
0.9998290146196667
0.9993652015698321
0.9975609792563919
0.8915417603348312
0.9994931285027822
7.052619716985202e-23
0.9994061763830744
0.865211753738114
0.8595751701367835
0.9999660005779935
0.5613015475253081
0.9997130411805603
0.9999840001279993
0.9991733418702513
4.324454174277527e-10
0.6363058086459322
0.999744032765204
8.491451316482998e-10
1.209685793335961e-07
9.021955584283145e-12
0.6740641463313582
0.08722092598193416
0.9992233017863322
0.6896293497472308
1.1334861022133763e-10
5.4839431488217265e-15
0.9987657622986548
0.9999780002419982
0.9990754276806216
3.208026433824197e-10
1.4965931654213275e-14
0.9029166800295426
3.304567353124037e-06
7.248215509263242e-14
0.9999900000499998
0.9172373564808434
0.9829362632011824
0.3205737243182309
0.8502804863409231
5.299866109944063e-06
0.9998440121673673
8.283460674590911e-09
1.232105491797656e-16
0.4777985876684938
1.0417811890242918e-10
0.7427074896524883
0.9477599747285802
0.8266375094002877
0.9999680005119945
0.20982928656148928
0.9989735271840119
0.632755618564576
2.265697113371931e-16
2.0692800481471124e-08
0.9999750003124974
4.684782055216638e-15
0.9999260027379324
5.372035600839694e-42
0.09501656824585615
3.0572797743264864e-06
0.08529094370931484
0.9722473807097993
0.787679498226139
0.956515772912448
0.6224549641546152
0.9937426592093737
0.9963496786807078
0.9920735810524682
1.9432210473691195e-10
0.9993442151209576
0.22170269641158077
0.9985730191068474
0.9558770337387782
0.9999850001124995
6.250191579062634e-12
0.9907698616767424
0.9952413583829945
1.4428130569872865e-40
0.9995580976676097
0.9996640564416783
0.9999260027379324
2.3986643122537494e-22
0.9979920186972463
0.998239551410671
3.658570805672829e-17
0.9990024978363726
0.37015368304525825
5.619591772569626e-11
0.5390041546674346
4.559638307805161e-14
0.9993961823712807
4.558384579666042e-14
0.00010434060103873981
3.6151665625390706e-10
0.9933849762388559
1.3337764407245777e-36
0.9326157560444387
0.9217354750561646
0.9997890222589344
1.8924851506543658e-20
0.6433547475230714
2.8410139779318086e-11
1.7562517261249982e-09
0.020997833778167278
0.9998720081916505
0.85395054218749
0.9998680087116166
7.629647545341472e-07
0.9999090041403744
0.49051962038098557
4.1742790090987194e-07
1.2303157416199468e-09
0.9998360134472649
0.9997270372611091
0.9050437444875935
0.9955449532931716
0.8714925173523496
4.141245760713673e-07
7.908353121086726e-06
1.657037079906064e-12
9.008989235567734e-31
4.1424184743425465e-30
0.976862865144994
2.229636787904679e-29
0.9971500687863075
0.87741429318179
0.9445203939024932
0.02464172831801807
4.4499369606887855e-10
0.9996100760401144
1.5168787109689e-08
0.9992912512811104
0.7769346792792987
2.3010931713629917e-14
1.8302078835396658e-06
5.287184798086498e-10
5.587752314784489e-12
0.9870624194081897
0.9994091746061009
0.981643569857593
2.810146594815308e-07
6.251678138952632e-10
1.1512062970105382e-79
0.9980558922303742
4.1517167771474214e-10
0.999996000008
9.83867292817715e-09
0.9307253970931062
0.9997710262184987
3.07000898377141e-16
0.9354411900208222
4.424238246373394e-12
0.9994611452344051
0.6715008481176898
0.8953281319694864
4.5602733092274206e-06
5.206801094899845e-18
1.175745887362256e-08
0.9999970000045
0.9790446791056326
0.24360091183216842
0.9076794421435652
2.8543727478174396e-12
0.9990844193999334
2.9002169889359155e-06
4.517993800509449e-22
0.48435895722052724
3.9976098737262584e-07
0.9999970000045
5.375200791856531e-10
1.6803030076746493e-23
5.375586443840017e-18
6.646383266025898e-09
7.052995815767983e-05
0.48087688402850703
0.9994401567707347
0.12581949229722506
0.5154463781722401
0.9799105372548782
0.993440607355182
0.9974612281461048
0.9085048978692628
0.9999210031204179
1.1849263027711182e-17
0.9648892027867612
0.866034961489162
0.39856965621672474
2.8725572213948286e-07
0.0790204183328998
0.4222849313557861
0.3768002774303794
4.956798273517572e-11
0.9993422164345261
0.6950969129813518
5.023148156137543e-20
0.9935022025822703
0.9920825097548768
0.9998490113999262
1.7222333880304028e-10
1.6160915759315347e-39
0.9954692947517824
0.3483303388120867
0.5784038221594061
0.9908986701311285
0.9869479268082376
0.5466563056996817
0.9553839284214819
1.740740916974528e-09
0.9998250153116068
0.8170557083269737
0.08910338091957203
9.62859037842229e-09
0.9992482826811369
0.08945594585210703
0.611836003816284
0.8216678836984246
4.895304081598118e-15
0.9516499608380274
0.9998970053043179
7.372287389213315e-11
0.0067769034476042505
3.6220922806268917e-09
0.9741363455230552
1.6682608072199896e-07
0.8067479412170175
2.1052872738075143e-10
0.092740037097753
0.9990344664277981
0.9944902347422697
4.78025473510518e-09
0.9977515316005994
3.2869247293132604e-15
0.9998310142796956
0.9920438192914652
5.4920468745780846e-11
0.9878227501609071
0.9635181054216645
0.9997650276103371
1.1741953903524238e-23
0.6836925163034133
1.6278802312198706e-29
0.0950986980357807
0.8332929649727565
1.0455223122663659e-17
0.9983543555601954
0.665330080379472
2.2984979329191137e-09
6.99227099110098e-15
5.385490758333787e-37
8.799989761030951e-06
0.9952144872290805
0.3302963490773329
3.060688620238755e-10
0.9870407042738302
0.1453907984897142
0.9990224780861312
0.9875442234194781
0.998954546867309
0.9463129033312924
0.999395182975598
0.7359243138382395
0.9999430016244691
3.032954020362917e-33
0.636636773709887
0.9366224620284865
0.997160040336853
0.9441200021445296
0.041020431792653356
0.8592176612330144
0.003072754157031598
0.9946931314449171
0.9935101506316831
1.3799628216381392e-06
5.484854963330322e-07
0.9944932182174492
0.9576547042119337
0.9999320023119476
0.9998250153116068
1.909001533007863e-36
0.44473441286914367
2.5386732545465103e-28
0.999886006497753
1.8953414802019946e-11
0.9491475623444534
0.9919813224995195
0.9997850231108437
1.4144553678608342e-06
0.9782666478941282
0.9962510449449689
6.660243969434274e-12
0.48631340337736484
0.9997010446960451
0.9999620007219908
2.538841640445004e-10
0.4494502993170481
0.9982235797056225
0.999907004324366
0.012377301599284546
0.32081424479537407
0.999826015137122
3.629762125370315e-12
0.9999700004499955
2.859111882089027e-22
0.4555649417485194
6.815157092876609e-12
0.9963576495100205
1.3125384665929304e-11
0.9322949913990416
0.999998000002
0.9895935259628357
2.024646308703276e-11
0.8882349390326354
0.9999590008404885
2.3732391309494976e-08
1.8924600205447186e-17
1.9339530409177734e-12
0.9705561706455275
0.8835070567391599
0.9999280025919378
0.9885372042533057
0.999172342697409
0.9950920833751425
2.998181475211944e-10
0.9976946613841148
0.09584796891118283
0.9998440121673673
0.9721783535962605
0.9984422146092261
1.2936522180327734e-15
0.5632650387897699
0.8783791015550899
1.1018944546238155e-10
0.99408456548865
2.1650739346804557e-27
0.9999080042318702
0.69785983907569
9.025721674632778e-05
0.9991403696940134
1.0788924686130858e-11
0.7981465913254455
0.681842217871005
0.6381365438259979
2.8935642475163454e-22
0.6909616196191216
0.8156475021571223
0.9386909318631093
3.440919540509185e-08
0.9996650561062347
0.9997140408941013
0.9995221142237997
0.9995211147021852
0.9999970000045
0.9935409499237393
0.9961075951231319
0.9997620283197532
0.9985690248227596
0.9409380272131537
1.3220399098138984e-10
2.3709507212953866e-11
0.9991054003930405
0.09407988661784596
1.3828340088204886e-11
0.9941760254757699
9.647299416135908e-11
0.45756515001533593
7.809226583451869e-10
0.999862009521562
0.9972807040017383
1.5186802086412602e-18
4.251116090391105e-06
1.5949049084430462e-12
0.924664786613629
5.484260716744893e-14
0.9998580100815228
3.1906973180384546e-16
1.0333901341260626e-30
3.5159154416300404e-10
0.46847010002092354
0.9997170400407227
0.08351558648950631
0.9999580008819876
3.681572007603657e-09
2.4485820843225953e-12
0.7826098367222983
0.9829205363467864
0.8133310961516496
1.723740119010349e-26
1.1944113715326907e-16
0.6725135627846444
0.9942058512039178
0.8805337687434232
0.8266532156621753
0.9597120379367032
0.9408589917384041
0.9982864697721602
0.9979141783556007
0.6523506857965928
0.33260389550828534
0.9890978637800727
0.8349537039830934
0.9981387343073279
0.7208112248809173
0.9993262270869783
0.9770690049565249
0.9677233771034243
0.997716610908109
2.3899309824840787e-16
0.9072375098744833
0.9999230029644239
0.9491058007704716
3.932348892619549e-10
2.146034848333362e-31
0.2216871777659909
0.006485236455281735
3.359145583317095e-07
0.06560207187962329
