0.8871074543316412
1.0
0.806650274156708
0.9466861748915624
0.8198602362151834
1.0
0.9819662012563952
0.8416452364073647
0.8714407242981019
0.8708294764602055
0.7787082803456775
0.8961913978070983
0.5394657845125562
0.9027222705449098
0.8592459284402999
0.6337452142832085
0.9865148161567372
0.9130672833637536
0.18759144651298698
0.9146507076343248
0.914837165898315
0.88685072064039
1.0
0.8337770725817978
0.5823655804661296
0.8324990060669916
0.8065263493904399
0.9038569668634419
0.6841553187996351
0.8839986943503487
0.6530799794107818
0.8592891415032118
0.9308770071742218
0.5402281563516157
0.9760512400309616
0.8293141045596842
0.5900798046721761
0.8861706766233526
0.5688434568624574
0.5900057128463758
0.48262774935097597
0.5604809113214437
0.9202199893587792
0.9115901721058364
1.0
0.8432615670654688
0.9236611522106406
0.6566332664710071
0.7871672542817285
0.9566253710178919
0.8793825557341927
0.9146228508936384
0.781534073669414
0.9803751561750285
0.8189181785249797
1.0
0.7094027529182311
0.5930586189692193
0.8734081706759563
0.45528492089664674
0.7825528167879303
0.8183962026001982
0.8256877266851128
0.8447893074306008
0.9381977233083094
0.9415291206084945
0.8409121741676544
0.8321348018529645
0.8449383506586278
0.8409417899173408
0.7854888992843726
0.9133138701449912
0.7441462312914028
0.8702462022988176
0.75
0.6872383485700527
0.9170071382022892
0.9958663447446284
0.5630764948085818
0.6074474611033802
0.75
0.9064608900880828
0.9367416627214911
0.7803242419976075
0.14868285059626124
0.4905940510419581
0.8005943499091018
0.5106635812379791
0.8170951592476886
0.9515229299506186
0.6807877536728332
0.5050445951931765
1.0
0.6999854116187758
0.5953710584509225
0.6425251225164571
0.7303558275521511
0.7741470670408642
0.8376326376107317
0.7707015349440188
0.7240367868710952
0.6926484963267907
0.8685891099751735
0.7371359592673628
0.9918579210579843
1.0
1.0
0.75
0.8306712364789813
0.714258214619172
0.9442677657419254
0.8765877625117363
0.9038023720489217
0.75
0.628758746300466
0.18107106436679382
1.0
0.7729441452228583
1.0
0.6579944676584312
0.8304658999648549
0.4256260651713625
0.9507162012563952
0.7436881036079752
0.9571170250209668
0.889462180620156
0.745665375149678
0.9078336313116838
0.970092229490334
0.6127679681144006
0.6772331494640536
0.8239103208079124
0.814516333889288
0.8356944747656974
0.892299790150598
0.6851484870232669
0.8361666234985006
0.8806806098479417
0.7841316335571543
0.6485993627697769
0.5814578281314934
0.9237053412168421
0.75
0.3142601324794798
0.9832314188428051
0.6950879689359742
0.8392493213837404
0.6129204531815126
0.5353234606077546
0.5841626970122411
0.8490758187412129
0.937541571158296
0.8101092678492832
0.2103414339531999
0.7950573743223406
0.9791531243550113
0.4500366708792931
0.6873500495881161
0.75
1.0
1.0
0.8170308956596017
0.8747224933735585
0.9300074892313535
0.45431859053063195
0.6187601154934834
0.08431019498849951
0.8455902684533644
0.8551617890396644
0.8407371745351009
0.583893473342893
0.6582199998531858
0.5354035954542117
0.8244123764047017
0.5932312052357536
0.9428013749097068
0.47783847883102404
1.0
1.0
0.33500799150762933
0.7612132349686493
0.9756996210834905
0.6677112122395359
0.9098931555463159
0.6399514640230712
0.3625975411344576
0.664949465241987
0.8363854999221306
0.8960332625113571
0.8074908054399694
0.8468658961325787
0.770178967326053
0.7994761702738524
0.9148923118107939
0.8555754146077816
0.9242195707102907
0.9008808696189486
0.9237195236532421
0.9839087380618311
1.0
0.8619490216712435
0.8119080468177485
0.7811143418305322
0.9846915179239923
0.7242372787689849
0.782897925792792
0.8506188998100245
0.857691101796581
0.5366763347577085
0.8355767822757958
0.9166535522451106
0.6045359536405999
0.906074002024349
0.9019999273418746
0.9538465171913859
1.0
0.9734087011114714
0.8774952707749494
1.0
0.75
0.6808726558110849
0.769825449597201
0.8369413657286783
0.9037611278290081
0.5316130459851747
0.86517147093249
0.9128387667846686
0.39142648309734707
0.7275501094337681
0.6489881676093112
1.0
0.6904839898798489
0.9357161811722796
0.7512638067374884
0.6575279341983483
0.8987631685106219
0.9543731951636434
0.8608653901764252
0.7940437574397154
0.8214968360999688
0.6621971474704419
0.9316593577614665
0.9055575255149397
0.5334035176319152
0.5251423258407492
1.0
0.964023290890861
0.4333341370316905
0.9050118044422979
0.8058160367276896
0.9371672542817285
0.7525047555932916
0.8314429805753031
0.47680008360670556
0.31170431837916557
0.5491073062826602
0.8849801314483421
0.75
0.6591181982574953
0.6673830190253222
0.8470042478627624
0.5450258890063663
1.0
0.3990850932763159
0.8650407055936475
0.9675981641954869
0.43606391396332944
0.47555056273357077
0.9428397823047205
0.829922023919099
0.7400333345186844
0.8694956818963562
0.7373508403567647
0.6871672542817285
0.4767114774094899
0.9507125230758916
0.7519910431508787
0.6505008124825475
0.9683468226831972
0.8815816417488525
0.75
1.0
0.9610812040520789
0.9304727212782078
0.4931871423527037
0.8140188696909745
1.0
0.9231869435606946
0.9122883687142298
0.677905173103556
0.876752828743322
0.42833303739066686
0.75
0.8744801514758643
0.5047775058399866
0.8682193502908744
0.939724487794877
0.8631426060256644
0.9337648422415628
0.8755578841811432
0.6604938871130396
0.8442796482065763
0.9346332180883183
0.6369040292802607
0.5473696364904775
0.7611652755087029
0.75
1.0
0.8624143953724482
0.9017878851092415
0.26629633996917906
0.8519795328846567
0.9540906064577233
0.9203490639271438
0.9294737564758843
0.7815291834754224
0.8951844251239618
0.8568854088561622
0.8297127553193681
0.8545173052630645
0.9120730724812756
0.857799219289413
0.7161359334552441
0.8599942275061766
0.7259036963580823
0.6235423710832719
0.4823872477054629
0.9325683378534677
0.825887555841854
0.9413737533670379
0.6376758350044385
0.8705273283725186
0.8653967550402686
0.9366560485803388
0.29011617288944513
0.6284210532819141
0.9451094935777371
0.8813190351829362
0.7540523664282075
0.5109594902179964
1.0
0.7423623297282063
0.6726287991212444
0.9288519056896614
0.7022329268233014
1.0
0.5900711191633135
0.6537187678198917
0.842984698959351
0.8133514767531185
0.8649461082760886
0.4670810944194256
0.8835067364795052
0.7463738547290165
1.0
1.0
0.5302572346117886
0.7714715937108163
0.9297481875949354
0.2108847468169042
0.9387631684965486
0.9796284208595907
0.9610426505599029
0.75
1.0
0.8419354208171739
0.4939745227949527
0.8229007691037094
0.7027298115046557
0.5207310599488093
0.7354933665314849
1.0
0.7016264690863678
0.3383235211303553
0.15338969005778666
0.835667694546896
0.7589475729474877
0.8345244775705786
0.5432095909975725
0.937534234297493
0.933650870288264
0.8624174663686501
0.8224434112228117
0.617500375919921
0.1578819458061565
0.8136177021178361
0.8780696540888739
0.7158220807927247
0.7594576191526773
0.9762039407134605
0.853077663664926
0.8416450395360835
0.6844112714810551
0.6684722437728058
0.75
0.8875646400451923
0.6111704482323816
0.8761867492723139
0.9773339441442196
1.0
0.9453464500054526
0.8788763129459369
0.39957024867207724
0.75
0.8295524239502415
0.9649821166709593
0.9121882303639853
0.9131188998100245
0.8361871826619469
0.7076424589896065
0.89562330002471
0.8753354749000023
0.7455198139669387
0.5251423258407492
0.8289627462084728
0.7355761534755851
0.904797589190992
0.8708648299892916
0.7372816798271314
0.2128449530030409
0.9517120843061884
0.8027128050324152
0.5119465297012609
0.947444077381406
0.5986718021207473
0.3651029505961945
0.8895103683530678
0.12355792151086183
0.8782449710842294
0.7580219103251605
1.0
0.4735094280603964
0.7720528111965914
0.5684709250996365
0.33751139061583313
0.6870971782635242
0.9155122623617997
0.9508159471004027
0.9719055926991946
0.9549891702587181
0.7955173971124371
0.3357247524217136
0.7536999215291591
0.8506285616959668
1.0
0.9126994661002403
0.7337859800583123
0.8514034732570896
0.8202938322694538
0.8604320824833602
0.7728203497597894
0.7473268659913761
0.6958401673324441
0.2012719429238461
0.8394338105569765
0.6196669425371198
0.6149298019920094
0.843244859444672
0.5620150514460194
1.0
0.8039097308960567
1.0
0.8153299420938139
0.7881209590773088
0.6553995530597976
0.9247026927006682
0.8119658133746306
0.9873681902852036
1.0
0.7764185427243029
0.7392832140965198
0.843239076548015
0.8651429723072
0.8531962367844066
0.37410663774816266
0.6517295359335316
0.6517780811792268
0.9298991392168352
0.34652266806582016
0.29128695620550077
1.0
1.0
0.7741331625025479
0.8754407909556329
0.8484375779731015
0.9362411394762395
0.818193783873669
0.9405909238499588
0.7035898468273265
0.8762649360352129
0.8301648049238015
0.9641785230412196
1.0
0.5364729681546758
1.0
0.47613703130568186
0.7255927817341834
0.8759778523522657
0.8605465201006477
0.8215720392548409
0.831885886791393
0.9841974283224264
0.7912761249774447
0.8303498973451328
0.7188585325866484
0.7459322354400395
0.8668967599823681
0.8876319995278046
0.47711472699007684
0.7624326448311448
1.0
0.6428738105591116
0.8838478662415798
0.9075537337848119
0.8854346944430258
0.75
0.9841555211231532
0.7218340579612605
0.9268089780807567
0.9151374989311537
0.8655060042830309
0.7579975064081236
0.8540210265145667
0.45441456848981565
0.8159063845247387
0.7503163093638753
0.9243911824901021
0.6027101512083763
0.931824640148809
0.8555614001431159
0.8728464989131188
0.790753145947739
0.7778963237402325
0.7658880413683122
0.8161203471029939
0.229724821034264
1.0
0.9207100078109549
0.886289204680627
0.7503217985405148
0.7278914723632754
0.14582028649253764
0.47550259599182276
0.5793817797252276
0.5789359075101589
0.8615195817303336
0.940667224012745
0.3951021315062595
0.8769305554438586
0.667706559893033
0.8767112963199515
0.7823103662043683
0.6431505149836565
0.8925086227132053
0.9556350308862713
0.8882700838163213
0.778191409385738
0.94604628882953
0.8104723387204157
0.9277204481858226
0.3710043145981605
0.4472904172425852
0.848284604305107
0.8060112897615921
0.718077353724404
0.895766750766184
0.6472319138125177
0.7887404354108615
0.5632758020305598
0.6357903044106614
0.7610503985884526
0.5084452451205135
0.8118501729186111
0.9040501574380013
0.44909258331904567
0.38173371718533017
0.3274741798811926
0.9353955102390532
0.42668032397626293
0.674605571453388
0.8497926548679527
0.8732043580021327
0.75
0.8942305512834178
0.548972179510331
1.0
0.9322901632161398
0.5663494277634361
0.956594831199459
0.5212536892504387
0.9157870573795954
0.2885005853381861
0.8632256072407161
0.4546671192597996
0.8875724997240793
0.12409106124614117
0.9072066264100489
0.67534996391305
0.64875023942467
0.877177040486617
0.7842701020704105
0.75
0.75
0.8520266477863283
0.6059167407303525
0.6530893104561787
0.7926562254581775
0.9255894180617845
0.8553982905441864
0.39215149307989117
0.856502906954969
0.9063615878955182
0.6548024028798363
0.7312191267101336
0.9299316120288532
0.9714181963061841
0.8830744507765855
0.37552803475890206
0.6315240921309958
0.6985441168263865
0.7524099712032976
0.6087165004366799
0.9197009325596772
0.8518608425059996
0.8108145185128658
0.827649137746288
0.924451693228981
0.760586676831441
0.9802413447446284
0.4883433743608958
0.5680838049459309
0.9322870655139481
0.8874989774803769
0.7532746567807963
0.5044756687750792
0.45082233972224545
0.9431433719952911
0.9816602764721314
0.87863165214678
0.76386589250868
0.5053751816058862
0.8996308544837377
0.8067371466697629
0.8216833839172308
0.8747967431702104
0.75
0.7811867128599994
0.8764516869548853
0.9285644662670902
0.4811210407452438
0.8851964087547135
0.9047630820232155
0.731297972933049
0.14794658494414029
0.8135403693496647
0.07579219038713225
0.9042612589489095
0.9486180317075689
0.8357959435084454
0.5608936404835629
0.5760178236029552
1.0
1.0
0.9097625832303922
0.08075431278394343
0.6341848497534569
0.7265359698986856
0.6783643028282174
0.9162583963572347
0.8275333709060599
0.7336720037100317
0.9078404488457095
0.719414477717151
0.9097385227776462
0.8518378005230203
1.0
1.0
0.875134785121796
0.8880173232355902
0.9253936791253154
0.5986115361306197
0.278392063320983
0.824829897603648
0.22386589944880425
0.9451274022233382
0.75
0.7809402463087981
0.9607657683040325
0.9376284020198226
0.834399334930128
0.8470964310564928
0.9637760930814185
0.8145333246183268
0.9329920610560444
0.36536919084614355
0.9205788293362895
0.6595613463243959
0.9703351918648951
0.9173040445244396
0.8948818379268809
0.8572073706365436
0.5667697229061377
0.8394852460379406
1.0
0.7019002184579787
0.9345353830419876
0.804591401240329
0.7848679922285718
1.0
0.8967046441448883
1.0
0.7062524954360244
0.9025146590112816
0.5022807730825265
0.819881041237746
0.8675081304894925
0.946151993728995
0.8777214025020906
0.7821402059144926
0.8882091582139151
0.4721995734390547
1.0
0.47061467044034916
0.8625340035330105
0.9792669373770291
0.9676702108997591
0.8465599636563873
0.5131108066065174
0.8640584713708267
0.888323644648178
0.8810723438760284
1.0
0.9854169344817341
1.0
0.9631728873809561
0.8752874273276174
0.5864270394252182
0.4481281515800209
0.7105372411682849
0.6970763040720569
0.9216600757355551
0.7210861034686201
0.5200769070692827
0.9341878674695313
0.8160403365106426
0.8785830246780021
0.5951619404171141
0.9539148546705507
0.7273993680526091
0.8599454849208377
0.736246225208656
0.8008445312086216
0.9254422003141045
0.9054775365510442
1.0
0.9519431950336613
0.7017779534475846
0.75750997464479
0.943298137507897
0.8827796035647371
0.7246802448329968
0.5873343942441703
0.8557579203079467
0.7939504814423071
0.5482171756748632
0.5862720339993663
0.5295697320314471
1.0
0.7491657970730116
0.8808555958817611
0.872197884124136
0.8383696427605658
0.6667673303924501
0.9233327390136912
0.7343765965102693
0.588065853998238
0.757287110072457
0.8965169932018797
0.799478363721159
0.45374347282307587
0.7150049787766659
0.9098791359053986
0.6178132862272451
0.9749208752304439
0.43269062682415155
0.7912761036047102
0.820626651453013
0.9839293079082718
0.49777731116075685
1.0
0.48767884578178666
0.8653941132543376
0.9364841776612491
0.10222735438982397
0.8667529603990064
0.7681759202914721
0.7634239855677024
0.8788100182344221
0.9783662902073494
0.7777709138301367
0.4244499645466622
0.788662502529208
0.2739059719337762
0.7383789795103198
0.6930396462326132
0.5507752142892552
0.5308889804825374
0.41515953900469604
0.9632685571596232
0.8197639896080898
1.0
0.88876299636956
0.7498600901743521
0.29205688665034407
0.9149567277887038
0.5558762179265507
0.8691801750906383
0.8652600476576875
0.366150723456236
0.565578588308024
0.8758684710773769
0.7865522525746965
0.8154156883083558
0.6649195280101137
0.8741828348728695
0.6929900538330014
0.8175000404379619
0.9034751077043073
0.8244304602144328
0.7147088564236993
0.7056633433791771
0.8247702474525087
0.7782649691669151
0.8058914429374952
0.8949369070129691
0.7064129478135579
0.48608395468382626
0.9137658015700058
0.8184644961669706
0.5137585610364699
0.8911459199385454
0.7564124036856654
0.8853455208318355
0.49654526768742546
0.9535489932361613
1.0
0.1766998051810893
0.8514529984496634
0.5156732027534288
0.6071439976570037
0.9085008872293893
0.8658576371973976
0.5134813232878248
0.45418532397308964
0.9393680808182885
0.8008585278345614
0.8670156581949005
0.8562128492996491
1.0
0.49088496248729274
1.0
0.9868508424209167
1.0
0.9166009341105856
0.9182195430682412
1.0
0.704459799038846
0.8451885923495962
0.6992552024226764
0.6300965556319768
1.0
0.6822583425188977
0.8673017495817739
0.41363569141278733
0.8205105292282004
0.7462785627382036
0.8465246961682601
0.4677649417739339
0.9200828952767784
0.538756031155218
0.769763995384258
0.8761267356309689
0.33513366861990934
0.7514452729517522
0.8182184162070466
1.0
0.8919205682292741
0.8176047315450627
0.6310382849927684
0.8804376137348233
0.75
0.7832330818121688
1.0
0.13453492886240742
0.9199382237222735
0.9815056980498803
0.8441512296034737
0.8147491233957983
1.0
0.20258079389093422
0.8781991859142009
0.8045178359400414
0.6856688110483069
0.8328666591744656
0.75
0.9226697201497516
0.9268524821246719
0.8810662989844211
1.0
0.7850816685575341
0.8573373276931602
0.9724121064347188
0.7715215190215954
0.9502576847006279
0.9258121769057198
0.9734645341133673
0.6261529773467698
0.5724282347642371
0.931920877467115
0.7217449391522613
0.8224358588848372
0.4925560761645133
0.7563648733260384
0.4107765342370677
0.9123882675654073
0.7302202377126159
0.6327442253503769
0.4909372313576521
0.9711282328646424
0.6360979269585771
0.3400849920303449
0.7315674602437587
0.7722713815748583
0.6431630567704026
0.6309923214116198
1.0
0.8467907531419516
0.8495691890630567
0.3295337825567881
0.6061730181659402
0.6414879612654432
0.8832067805250323
0.8309811799713088
0.37815797651845096
0.9769945752198198
0.4232009873439584
0.722747974514466
0.7513686613447981
1.0
0.5425644785299082
0.7150922033353273
0.8721862289164889
0.9703859090341237
0.6375602641047496
0.1780531346862298
0.633496409116038
0.8503266510536155
0.25703417919546
0.7350989077525363
0.8011649755686148
0.5030553380904307
0.2676149784389688
0.6126720437559777
0.7716881522663033
0.6327786207571466
0.5597684340261087
0.6293104078932545
0.9147374001435958
0.6749549769560037
1.0
0.5709820781030875
0.9419342137314571
0.7711606956715851
0.9059674098183191
0.8382418581237517
0.5660735691364625
0.75
0.8462135972968138
0.7968163162941907
1.0
0.816283949963262
1.0
0.8495684730971732
0.6827799123193304
0.8228263525696147
0.7409282306076255
0.75
0.7868506569753895
0.8325874836818922
0.9541406187112814
0.5071920735305587
0.800059941755433
0.8424462229374001
0.9673668312034222
0.4405900061886221
0.8211676052168179
0.891285310685083
0.8874739211649045
0.8602437392589676
0.7670552871887908
0.5876069403503715
0.7086933162166011
0.9471343873839841
0.471740942482046
0.9546241200534065
0.7066464855105407
0.8002677114130501
0.8787834384769353
0.6842110236462853
0.5798196796607511
0.9957802134641355
0.865328497937697
0.9625908728857302
0.800256518401788
0.6074044546854018
0.6995269071882946
0.8962156525205645
0.8801344833485863
0.7615376367074865
0.7843947311996623
0.6396938263441789
1.0
0.9190881368237371
0.353147230587874
0.8121264201678207
0.8386875942843207
0.8088254246484654
0.7043741602606799
0.37870803748409626
0.9248877796080859
0.75
0.85730534603241
0.5544791295654501
0.8057178943664338
0.6607524747944187
0.8288649750114163
0.25922732029352313
0.9222409566449055
0.9079475131152265
0.898354985880897
0.7219844469781251
0.9491720434307414
0.6980815537995616
0.9109373710032376
0.5568069239245352
0.6064342342479065
0.7118112640238595
0.8463647227661079
0.5650798084307352
0.8483131986354636
0.75
0.7706878658737328
1.0
0.31425673411247845
0.35585646837820767
0.8609687348384203
0.8269541081850005
0.5647608445518364
0.4664693860868543
0.6169315757949789
0.5320085061272875
0.75
0.3456290188507812
0.752562018154627
0.8986572225165091
0.6708532681327781
0.4618838082381146
0.19535868313907417
0.7382219071041316
0.6599317222364065
0.5677402614169272
0.1860747089939107
0.15693519704987868
0.8333566071918433
0.795024440876561
0.8755219708883063
0.4005369907426786
0.9465561816702601
0.6792969966377267
0.9107984227244224
0.5686072280620861
0.9538162399579581
0.46530759348095996
0.5456207489480742
0.6180999368360556
0.8471779943293898
0.5434647104732687
0.9072547851613966
0.8193679190176655
0.6319948616516673
0.5566861929561223
0.8752187005766732
0.29000595953418273
0.8407546663258398
0.8086456691070145
0.9447702635132079
0.6945131067190744
0.8360040160663628
0.2632632749954663
0.8475105822559005
1.0
0.900471351453565
0.8491097086832526
1.0
1.0
0.8954809933859926
0.9480663598860986
0.890487592770575
0.8348214830194184
0.9584260936439035
0.9382481825165082
0.7837857852695865
0.8668488700371595
0.6851373026154192
0.6744068039277872
0.653710576151116
0.38996580395141667
0.75
0.9582235357694083
0.870574235572598
0.9367636264524735
0.9245405044721233
0.3619239638734764
0.9762381413756795
0.8537992842316717
0.7769769755291653
0.3116133610394242
0.6044287887892905
0.9305952479045143
0.5332607881573819
0.3516640031415438
1.0
0.7533223672187057
0.8373253494425947
0.8528114718061415
0.6716890350478136
0.8404383181433057
0.75
0.8766701688991958
0.8889961833502964
0.8897193409596025
0.3934674603777767
0.6833565078697941
0.764885469395284
0.9885373053365494
0.8042678142674007
0.3382477548790569
0.9062778554008898
0.9360917139121601
0.6715225326764126
0.8091823907312288
0.6874203107991362
0.8479312511854165
0.9689383415646592
0.7843864727827605
0.3953205275453827
0.9661796765376377
0.7390887908497391
0.44538109705892226
1.0
0.9610715707468112
0.7280278085251018
0.23701099080523486
0.5259878142534762
0.9768034105524294
0.9270685684295843
0.8994118866683373
0.5869989813180359
0.787200117759974
0.9194141425914735
0.9480435777014193
0.445871466544866
0.8158484247576592
0.8205587340731056
0.9494664898908302
0.9379942163327106
0.75
0.75
0.8757906887060418
0.9335376720978269
0.9491833709691526
0.7831617054554825
0.8460134408204091
0.9272089943665953
0.8292748361021041
0.7709356084732353
1.0
0.825899372071608
0.9823065172163193
0.6993094597543782
0.9832809014834889
0.8983558782544995
0.9082326908260963
0.75
0.5786856273574543
0.955852548283153
0.9140099344489889
0.735044313817762
0.7142582269297524
0.9011412843293021
1.0
0.5948254183763214
0.8797465569210015
0.2737927024413598
0.7929616642894478
0.31101149439573045
0.8318056130273935
0.8636981822462061
1.0
1.0
0.49805625647356777
0.8797400347249349
0.8904926064987455
0.9680149955071021
0.874049102657285
0.6642423046651046
0.5657922931666622
0.8847742248730487
1.0
0.7110771228957768
0.3398846626796812
0.6823514154402892
0.24560844925119332
0.45172681618851335
0.7876932091027542
0.5016803439314822
0.4481560224163338
0.6419339454131903
1.0
0.555039506385179
0.9599042183364113
0.7132633471735148
0.40067846241326743
0.8944859607812623
0.32316757339911867
0.6488760103685666
0.8818992825063595
0.7956113706948826
0.6436429183205339
0.75
0.42230280322067104
0.8894783867321943
0.861944337179424
0.8991766538760202
0.85655978435288
0.9468772911097537
0.9237757400543833
0.7071393575708222
0.9310576903329555
0.8818707080779995
0.6851529636943311
0.5124853000627535
0.9008181856183024
0.75
0.8108726653725742
0.6992526516380583
0.75
0.4582824869733672
0.9752478441374766
0.75
0.713753647376093
1.0
0.5818624535020561
0.2857429109584486
0.45779143352676377
0.8613173246203606
0.9438455796253725
0.7807794581432248
0.8884395686605612
0.7017860490381881
0.8483414663181316
0.5743632676721478
0.9197081043216082
0.9335567301987315
0.9439875036381131
0.9452950525295924
0.9107925463204379
0.5610173052856559
1.0
0.8326914424695806
0.6188434568624575
0.6913304541858079
0.9510833440779793
0.9023339160361546
1.0
0.45069798685946166
0.3815248860695192
0.8479563412591209
0.8931537975550877
0.9018563679122111
0.849460584991146
0.7769102756971062
0.8144158290116424
0.5069248946638444
0.6618927016896374
0.5908033587068955
0.9761243903408761
0.8117293331881639
0.8773339197134895
0.8669469930191169
0.41339827287348896
0.5881621853004788
0.5225702451692185
0.8354298040303428
0.9680939611572492
0.8687074353636639
0.7867660549746606
0.9210073860175249
0.9303650116303095
0.7850402375022072
0.43322763730724023
0.89440958229618
1.0
0.9712107310961793
1.0
0.861078433852183
0.6520399754183179
0.7886875916785199
0.9389386919159648
0.8556717085682202
0.5075238218405795
0.9628509048565003
0.8094577044912602
0.4392523743706285
0.9159558041213173
0.5779737997047136
0.8924497972754253
0.9176717762948298
0.6445223539395651
0.5211799249435147
1.0
0.8267151491618114
1.0
0.7224598483964534
0.8982430951817696
0.4577513444756619
0.8757015292373643
0.7817903329384637
1.0
0.49364821802332537
0.8119801901602985
0.6996334681683171
0.81884927406828
0.8523323436980013
0.7964051170182433
0.8746259084278334
1.0
0.8275754795472704
0.7463888708013957
0.5760483685158152
0.9214447940637142
0.8818771038494383
0.6000206937527351
0.6826512147755249
0.9066029626426249
0.47048992519621863
1.0
0.6627277633488595
0.6429849049246898
0.8480328371768049
0.408411945851904
0.9389064920690176
0.5232057679538608
0.5864837687014899
0.4165448005416951
0.2904119772543251
0.934943326395711
0.9356599883406846
0.7310937646382525
0.6083883265166673
0.8142772994008005
0.8077904591723334
1.0
0.7381720306560482
0.9400123787404946
0.2654011295223356
0.5213674522660996
0.9201242980171118
0.6446556846332111
0.8487446046358156
0.8564095677605101
0.9326366632043209
0.856604734351197
0.8563746667233388
0.5515687432807638
0.5437715249174094
0.49419098117373106
0.8467274818162918
0.7466320485701289
0.84175057380383
0.804320575967851
0.9001426296285979
0.7271147139531474
0.940309726817039
1.0
1.0
0.8846464151725523
0.6912896804474566
0.7772322136242807
0.9671455975640129
0.6919330826835357
0.8358687855363606
0.760412939551861
0.2519872271277434
0.7605518571615238
0.75
0.800617242646454
0.9319477702866636
0.85706809430047
0.8175690419167614
0.911462113709877
0.4824483430787265
0.8301339935133101
0.9131226565326453
0.9328572971093672
0.3437434501521929
0.8081653232180315
0.8931029997705672
0.9370492331295597
0.3211347234074096
0.8222307035189131
1.0
0.8344747067009668
1.0
0.7353184588964828
0.9393799925073316
0.753017397807582
0.8931567901506802
0.8764788994694472
0.9432776674057908
0.65539464401862
0.663355388620753
0.7913040005662074
0.9603875359008048
0.6514642785127689
0.8537874459033554
1.0
0.7812296509796806
0.8812509992904115
0.6062460905251146
0.823363053011126
0.6050838949244368
0.7011536419808804
0.9307512615112263
0.8067970730885378
0.8571477536309939
0.9223345958069724
0.8169395053389483
0.462859730611235
0.8054068868057965
1.0
0.8802388081223331
0.8854587241450719
0.9070412123586794
0.8892210050375945
0.9000753136826081
0.5721673506536256
0.6381780104771948
0.6499547582189318
0.6655368210353538
0.4315162573553819
0.9127888815867178
0.8804853313441099
0.891075823152742
0.8640088402833348
0.9541801582090617
0.7326070935119198
0.6978238330774289
0.9567320885897268
0.8695552392280053
0.7840905233622042
0.7031455562477056
0.49308111062762866
0.75
0.797848171628305
0.7926283218442183
0.5237104181963079
0.6041911831603924
0.6902223421118946
0.6024042015587193
0.8049969170510868
0.9176554457932503
1.0
0.5724585930468036
0.9327570273776593
0.21477204536811978
0.8052044026816773
0.9651972181026913
0.8105741216453665
0.75
0.6897155047667755
0.8381916696114352
0.6088414292533136
0.75279865269729
0.8794448617250961
0.8406796870629172
0.7002826273864888
1.0
0.5458561256292636
0.9313059251585105
0.9119317993030095
0.7550718502710528
0.7567445256018013
0.7390033449445068
0.75
0.5527220779714579
1.0
0.985093886507825
1.0
0.7299954912990932
0.6577538839469796
0.8338772964444808
1.0
0.8559555898716581
0.8154997983858245
0.895786843310972
0.7730825825953146
0.848284604305107
0.8201079550980926
0.8288478054525539
0.8247993034682123
0.3395174740463816
0.8670171358177821
0.8271827479865289
0.9675730872716881
0.511425077632581
0.9223731692469496
0.8919700768003824
0.8567923498549286
0.92366336260516
0.40158380181242737
0.7733571902802913
0.769074891140076
0.6154480014943098
0.8262493043596395
0.7813782716949678
0.3173404684725448
0.8224777309828151
0.883279149144007
0.8978361123553553
0.3882970494918012
0.7960729973436342
1.0
0.75
0.4865573952864499
0.9793876376422684
0.9568797621538933
0.7895055494901313
0.7231713722969618
0.9384676767813365
0.9459031976633442
0.7383933127111078
0.3557757424786857
0.6101074392081987
0.6857906041987651
0.8109680840759076
0.8144838861298689
1.0
0.9216032372736287
0.8978995303480032
0.7574142078636461
0.8757239287438326
0.7448096961134241
0.7164911208830156
0.7541408858017992
0.7866197924767645
0.974455162548299
0.8104028794400939
0.856843674101943
0.6494531493436038
0.6339455810364305
0.6043162512340376
0.8385795369414217
0.7361065338997925
0.9857506964019606
0.770341121072635
0.26870396787091766
0.8916755263537803
0.8454510904248665
0.7835994443576582
0.8575294266536602
0.9603137638179762
0.7571931987150158
0.9752539148003966
0.9468259303467532
0.8354675090357381
0.8890499650181528
0.5613697370806459
0.9007848387621843
0.9456073186812242
0.5711916740636206
0.6099748536818043
0.7670324189555034
0.8713276449738223
0.5430795492905105
1.0
0.8395593934113383
0.8374062885832705
0.9623514420118003
0.7869647764667589
1.0
1.0
0.9245289231480115
0.8642389355585404
0.7708768302219471
0.9130144469932407
0.9650554367575217
0.9544440865007193
0.9122930233988598
0.8926135128511269
0.8438199543783778
0.951272445547406
0.8080997768939719
0.9337742534421158
0.9453843142229201
0.3961807630317852
0.7849822245828392
0.9072186339657735
0.8230024744106089
0.5068520011716046
0.6388297258868998
0.8530552879621683
0.6618019920162426
0.3473777481469815
0.5413791039924019
0.7315122387069256
0.8080918279802787
0.8912853293856589
0.7545868718819324
0.809815046255552
0.8240159305726116
0.8713957105072734
0.6018814839843075
0.8062408923713986
0.8356101200310617
0.4153756664332313
0.7882337896879604
1.0
0.5756467469749788
0.9236562795392479
1.0
0.920907011745488
0.8386818207682606
0.39069495215770783
0.5859995078836506
0.9723245975024615
0.7520072306487418
0.8669242238989153
0.75
0.841881489492514
1.0
0.44685229921663333
0.8030999980358698
0.8288381093657082
0.917375800731653
0.9666000185040569
0.8368895173889492
0.7866170459332062
0.7685851505712407
0.9111898354015756
0.6589860331044406
0.8360056679642505
0.8090399065577808
1.0
0.8832451796466343
1.0
0.8026689342096449
0.8652995598752621
0.6383932389037003
0.27141932521047557
0.7226563841900471
0.7267375453873762
0.9341141606724439
0.2867743129341494
1.0
0.5034139137768403
0.9456525109734294
0.75
0.8815868382930748
0.7855423907873045
0.329201472598875
0.855979652691524
0.2299695276670634
0.7844289164993025
0.7865304533334762
0.7960747670253608
0.9051809614643849
0.6702712910189274
0.7476246918992829
0.75
0.695111466519657
0.8096286621898002
0.9682225648663414
0.7621580026095681
0.7418845157321021
0.9151515107976669
0.9034226416804474
0.7988266362400803
0.8458410626119681
0.8900094878371629
0.4068401150584591
0.9402527773592086
0.6169664127124903
0.7756936407911292
0.75
0.9626706921477303
0.937529232822188
0.8779264848622781
