0.7975516741754782
0.8784681356400507
0
0
0.6052616803299395
0.8623126016722846
0
0
0.6116895410577858
0.8593252047528852
0.8734588108466596
0.646368951134256
0.2536208598958887
0.3086429544243353
0.6039233351701793
0.8892210050375945
0.8939674358293344
0.8613784420528884
0.06951463964063302
0.8121348267517092
0.9819662012563952
0.8416452364073647
0.8140701246592288
0.8673902764337487
0.49915991432725526
0.5740637371257558
0.5970903705674245
0.628756353853757
0.6655368210353538
0.8705438899474756
0
0.4458823379719109
0.5119465297012609
0.3310058507563677
0
0.8963586834758777
0.41052705511598414
0.478489966786487
0.7497804968951769
0.9184493521794823
1.0
0.9269742970279181
0.32210337514734183
0.8592459284402999
1.0
0.508464067959027
0.454029281680642
0.75
0.9865148161567372
1.0
0.9687753030620501
0
0.8788706488573333
0.879343828636263
0.18759144651298698
0
0.1920688170323645
0.6866695873240571
0.6646507076343248
0.7201630933673439
0.7114274250273724
0.6894076066677998
0.546478197993697
0
0.32533539530186156
0.6708155778919033
0.75
0.4691925868612374
0.40638668204081013
0
0
0.7639653319228814
0.5823655804661296
0.5673544475906303
0.5538847235869077
1.0
0.8324990060669916
0.7846554842361079
0
1.0
0.7968626801312605
0.9613588350637792
0.6024042015587193
0.685754603735448
0.23072472624569268
0
0.7028111703252795
0.41961524656715365
0.9413808567188864
0.9051625433828436
0.6530799794107818
0.6247237852297935
0
0.6173036119877036
0.8592891415032118
0.5798615859393363
0.8819043879177981
0.6827570273776593
0.8926342010670425
0.6871672542817285
0.51518743326699
0.5524076474431577
0.24001366038735023
0.9074696586472668
0.5954016724475035
0.8853021951125501
0
0
0.7947380075235542
0.5900798046721761
0
0.9144460171437586
0.6430739487648429
0.5124417648519806
0.5688434568624574
0
0
0.31730508201919105
0
0.48942577962626344
0.8484354277902258
0.6287815286455414
0.15679515576233657
0.6281126941718296
0.35955418321484856
0.31128002903735064
0.33961987126335635
0.9008666257581776
0.9202199893587792
0.8893784232926321
0.43745080420273974
0.5138276251108581
0.8406796870629172
0.7540922448144263
0.9794481829593773
0.5943996705640566
0.6680923911534272
0.7607215125009501
0.9118433490646228
1.0
0.818236746898623
0.8117268690838119
0.8117268690838119
0.8407650350147792
0.7871672542817285
0.49001033331821375
0.6011169226835013
1.0
0.9566253710178919
0.8731153526644791
0.8793825557341927
0.842386865618795
0.8404664983764909
0.9146228508936384
0.9070857135860967
0.9146228508936384
0.8028044728230648
0.840993424192849
0.781534073669414
0.9803751561750285
0.5751696243253546
0.4868015836410643
0
0.5284878497284179
0.5167501310611431
0.1255983789078417
0.3053425404243961
0.8536123333915625
0.7094027529182311
0.6901217736373058
0.717480035290429
0.75
0.35377810757537403
0.2853475802059246
0.6980482022517027
0.9049812073698253
0.8804843568590411
0.45528492089664674
0.75
0.45528492089664674
0.11097803926110344
0
0.8421237810054102
0.7450299987240736
0.8598104456580499
0
0.5756877266851128
0.6341837673750805
0.7813083679087787
0.8447893074306008
0.8448439092447693
0.7804248694485152
0.9648234963851934
0.9881793081124057
0.9381977233083094
0.9213535135817923
1.0
0.9630537286778076
0.8409121741676544
0.7467390353588867
0.8409121741676544
0.8321348018529645
0.8598291715506209
0.8293954167406365
0.8506466385129797
0.8706338332349772
0.8626310793850941
0.8409417899173408
0.8409417899173408
0.8237943944891992
0.648264329367753
0.7854888992843726
0
0.7044208316892615
0.8467977587797235
0.8799489434254222
0.5489603096522094
0.6321231091318197
0.511425077632581
0.6835439082166284
0.6414301428928479
0
0
0.5166449933151911
0.5765194362817156
0.6872383485700527
0
0.960978731796477
0.9170071382022892
0.8882976146904146
0.7911831354839378
0.9698234847561951
0.8306092659942803
0
0
0
0.6457523168728854
0.6256090730892816
0.7450805528698691
0.8043435457610459
0.59856124310889
0.75
0.5626579745683727
0.9064608900880828
0.5056785171138473
0
0.8262493043596395
0.4267018577427172
0.8199548429420127
0.8391518025982939
0.8055597579726721
0
0
0.8131555151424446
0.8256091782960775
0.43781322943172596
0
0.42031540917925436
0.8005943499091018
0.7913030350653981
0.7843709746128038
0.6795010494967814
0.8546266007065706
0.3882970494918012
0.561497757611061
0.3882970494918012
0.6773314821607388
0.6456008779202849
0.8696736711021634
0.9696345180230299
0.6807877536728332
0.612827767637
0.662365331660777
0.45673394474898366
0.5050445951931765
0.5045594956934563
0
0.3347584913941471
0.5323084522375391
0.4865573952864499
0.75
0.7737296517967145
0.5995582331294729
0
0
0.9568797621538933
0.9541769933040473
0.8128937671750424
0.7561098723232981
0.5359113831077067
0.7644679277112992
0.5900104036484225
0.6741470670408642
0
0.8376326376107317
0
0.7345582547591862
0
0.7707015349440188
0.8518293984066198
0
0
0.7350355121623993
0.6887092362243472
0.42294903878902373
0.6906280212314853
0.8685891099751735
0.911392911156159
0.6065972990245718
0.4536998553962258
0.5693008819065922
0.5693008819065922
0
0.8392230368226059
0.8144838861298689
0.2418367843526771
0.682837077887408
0
0.4509202557420934
0.8192851707065494
0
0.75
0.6339544073178458
0.5215856490430947
0.11205067787638859
0
0
0.6593023460891172
0
0.6484594907393499
0.9442677657419254
0.7632888483431439
0.9374973371347924
0.4330783843963654
0.24649010204498845
0.8765877625117363
1.0
0.9038023720489217
0.8571282303210936
0.75
0.5078791460145942
0.5265553129632463
0.6641527111024956
0.628758746300466
0.6921759296425469
0.18037872501871677
0.18107106436679382
0.5567093764491438
0.9104332996853053
0.8632058398853327
1.0
0.8440595400500112
0.8732545953319729
0.8797498874659497
0
0.1589931535437273
0.8807711682385547
0.6579944676584312
0.2945550520686623
0.655822370389572
0
0
0
0.32947221901751633
0.2576040564893578
0.46847040912329746
0.9663412012563952
0.9507162012563952
0.9663412012563952
0.7436881036079752
0.6646348647647347
0.7650857488838789
0.8400703177876916
0.8405597751378988
0.6847293062352307
0.8963604415066599
0.8834609649275366
0.8818995105525196
0.11093493658475005
0.6803757020196074
0.9676375244972402
0.8491605417259488
0.8618847711087352
0.3980111598692138
0.970092229490334
0.9613602319701064
0.669432966297279
0.4960811700580738
0.5935962615300175
0.6909203051238856
0.6772331494640536
0.7946877284055323
0.6990861856454841
0.8072436541412458
0.8008923894973776
0.8535602401259066
0.814516333889288
0.6710442871174
1.0
0.8356944747656974
0.7426073234008257
0.8443761877612508
0.892299790150598
0.8766074997518158
0.8664708712993876
0.6851484870232669
1.0
0.9083179956700491
0.8361666234985006
0.8482018854207336
0
0.4376783719994799
0.3868846300732932
0.9314092350282916
0.3904735969801827
0.3908374290718126
0.6246001421842438
0.6485993627697769
0
0.6485993627697769
0.7431729314124311
0.7284292292766498
0.7788293434524184
0.5261894724371223
0.9237053412168421
0.9031089595149501
0.75
0.6417534967209434
0.6105554682300677
0.2691831536258702
0.3142601324794798
0.2945245284419491
0.9361106412188086
0.9529042911302552
0
0.6868539157014574
0.6868539157014574
0.675152463998509
0.8392493213837404
0.7988180627707054
0.8662572285695074
0.6129204531815126
0.6521051546065464
0.6129204531815126
0.5353234606077546
0.2309193675219787
0.5225147246412787
0.34767597204428063
0.5841626970122411
0.4648820615242215
0.8490758187412129
0.8325944278620672
0.8491385617501174
1.0
0.937541571158296
0.7312792984183053
0
0
0.6387474206881253
0.13097141810044827
0.20773029674103083
0.6897796262380157
0.6686797182759536
0.6601143969736635
0.669337712766171
0.9791531243550113
0
0.6557814351578723
0.4506125107799303
0
0.5605747791850924
0.5396176822705727
0.5954784511556064
0.7245161632782997
0.75
0.5277232831605644
0.5633256631491537
1.0
0.7593973770083501
0.817059426978525
0.6366027714180208
1.0
0.9325035689649233
0.7620714434090232
0.9639611541597359
0.9526979892656423
0.5967712722547882
0.8775918400938706
0.8747224933735585
0.11677786964729654
0.09968168613781851
0.8847996697317067
0.47667747412662753
0.7688350350780381
0.7646262523855007
0.6388297258868998
0
0
0.5956102954838343
0.5956102954838343
0.6414014498005511
0.9117780549105229
0.8552216310616678
0
0.8551617890396644
1.0
0.9582585609090221
0.46707832826302664
0.451205975363961
0.5034800356250961
0.75
0.6078976984537487
0.5487719785646633
0.6582199998531858
0.7877289168710915
0.8968222776390946
0.27633761194741124
0.5638852873275634
0.5241515955667146
0
0
0
0
0.8920009351517306
0.8859497389550279
0.25344237153337823
0.8240159305726116
0.611148150674735
0.46530759348095996
0.5119465297012609
0.47783847883102404
0.35470600724592694
0.9267366815004651
0.7132258749707447
0.2805517592157551
0.9624899174959078
0.7509894889955948
0.33500799150762933
0.9199081824587932
0.7975769957379202
0.7612132349686493
0.5417067864868894
0.7734908126436851
0.7764562612008025
0.5988564903985646
0.9082717187111335
0
0
0.5756467469749788
0.5372578024601304
0.49995372405815075
0.9324639258543491
0.6437591304020833
0.6399514640230712
0.5292042608960812
0
0.05837217797182091
0.9438028783978646
0.8647833422713553
0.8527097433064259
0.7384023388037988
0.8446149379748698
0.6809031711915345
0.9735324907352155
0.9378302130159781
0.8750510190409316
0
0
0.5636107395491277
0.7949908054399695
0.8468658961325787
0.8382336209815182
0.7886013753102994
0.629553967326053
0.805362984645031
0.8060593059628053
0.8503374531659723
0.8115565719396884
0.8208417264036703
0.75
0.75
0.9558874929612222
0
0.40939257329848266
0.8818887838094172
0.9267424731170804
0.8571152628573778
0.9149776202007582
0.9008808696189486
0.4861067299893159
0.17355896044355595
0
0.8030999980358698
0
0.8609900261169687
0.7960649168538342
0.8641076656905522
0.5877768431400877
0.4038388042435579
0
0.87892066286299
0.2439078997363839
0
0.5619080468177485
0.5854846325248393
0.8061267647670587
0
0
0.7203565332271562
0.8292299892759423
0.8814312210148447
0.7685851505712407
0.7242372787689849
0.8894443711812874
0.8452131994425839
0.5923570995677576
0.8723511144221933
0.8668356404149431
1.0
0.6456032287254018
0.8506188998100245
0.857691101796581
1.0
0.8305201471371688
0.4820828666533262
0.6601863347882287
0.6449859891203503
0.6957417487042127
1.0
0.8355767822757958
0.9166535522451106
0.8911516884692597
0.864914616163866
0.580041689793832
0.5636504387377684
0.6129895543723174
1.0
0.9390692103518381
0.9782707778098454
0.9019999273418746
0.8129502143085494
0.2827703105343472
0.2827703105343472
0.26708361806838155
0.7226563841900471
0
0
0.7191676204749318
0.8927982231392962
0
0.9734087011114714
0.635143287762221
0
0.6184290134394109
0
0.2867743129341494
0.8740361071860597
0.75
0.6260035151082675
0.6993439242539181
0.704390395043594
0.6942723783743745
0.679889335849068
0.769825449597201
0.8740839866730342
0.8369820438023576
0.8813163108852587
0.795553912169972
0.7846849587340642
0.37269557121885843
0.9037611278290081
0.8464632365865119
0.5316130459851747
0.8522913571427368
0
0.7371724050076303
0
0.329201472598875
0.9127559539047039
0
0.9128387667846686
0.39142648309734707
0.42045704143125856
0.36791539463401657
0.7483834427671014
0.7814480058667143
0.7641862282074229
0.8762260638105515
0.8691800363364075
0.8579283442418518
0.9667100413238661
0.9659630735705507
1.0
0.8889917158378161
0.8366930854525426
0.9051809614643849
0
0
0
0.5861092812449151
0
0
0.6575279341983483
0
0
0.8987631685106219
0
0.695111466519657
0.12458084588977203
0.75
0.3874022032361977
0
0
0.8463541668346122
0
0.7057837519890818
0
0.5426022558383777
0
0.5818543514206265
0.6581746417496472
0.7008204546438425
0.6477702279786561
0.8282623363135144
0.7540689519157201
0.5488266362400803
0
0.9028573552355563
0.18683561531438947
0.5978056517372206
0.5334035176319152
0.5665864456493792
0.7815095520363406
0.8940028831821574
0
1.0
0.18941635176336993
0.8922856985446501
0.8154523184249421
0.9461661480337182
0.8428921116643987
0.75
0.4488669079831562
0.4333341370316905
0.9526439446056325
1.0
0.9499390306176883
0.7731955750980377
0.9023522537573876
0.9212661480283099
0.6976277095002216
0.9371672542817285
1.0
0.7598897750198584
0.766228547570905
0.7640301877137439
0.9116331364957506
0.9116032332071498
0.8737859614728678
0.4661376711228913
0.47680008360670556
0.4052359828002948
0.03873347090566542
0.34936967643837774
0.2494259271873528
0.2522332453130552
0.5491073062826602
0.5028753648961453
0.8849801314483421
0.890938375456962
0.8340573573529917
0.75
0.511168982376428
0.4849635796861848
0.6591181982574953
0.5502467072074559
0.47174723156040926
0.6826898975529202
0.6901993958470274
0.775367935026056
0.6258020996676835
1.0
0.9504888605772102
0.5450258890063663
0.8328513374891419
0.6192216325605256
1.0
0.771335955091322
0.8194204007200828
0.3990850932763159
0.27850356221854045
0.31874092397599424
0.84672094371257
0.8357191203260366
0.8650407055936475
0.9675981641954869
0.9105126098222911
1.0
0.316854002140463
0.44555902573556516
0.3114516026469918
0.75
0.47555056273357077
0.49428499212885696
0.9805215234030056
0.9479658824481614
0.9674790437598748
0.6427841307573683
0.7200362170457832
0.7242609771598447
0.9118991403884591
0.9093876499633325
0.7801902649207787
0.8694956818963562
0.9122866650680318
0.8881183099059179
0.8079701161163675
0.7932642337634264
0.9415721197308062
0.6871672542817285
0.4703528070694738
0.6436670299540079
0.4767114774094899
0.6435652770678991
0.8614790550306687
1.0
0.9414113128915094
0.9507125230758916
0.7658312295256244
0.7940180118849958
0.7368398807146171
0.6505008124825475
0.6056735213659502
0.6352714770214205
0.9683468226831972
0.9675217886846404
0.9576986360696791
0.7053792973992263
0.7815816417488525
0.8815816417488525
0.75
0.6903950194618743
0.6578598490208419
1.0
0.7838006730653668
0.7202609255097975
0.9610812040520789
0.8502731769421735
1.0
0.21186988929786144
1.0
0.9304727212782078
0.650542040274601
0.6541151562016898
0.650542040274601
0.8316410360177576
0.827091145247572
0.9318006483675862
1.0
0.9813036356875167
0.9652188099552484
0.9251066534773618
0.9421713814293704
0.9351315484344671
0.9122883687142298
0.8133340760972189
0.8695760573043012
0.8091518719165979
0.6691740151017936
0.8059103073653077
0.17721847072323738
0.4725647195120086
0.5388782020835144
0.42833303739066686
0.47277943802487665
0.792853799988261
0.75
0.6346554842361078
0.6826512147755249
0.8744801514758643
0.8402548827054925
0.7565148089603896
0.540698502804018
0.5501612719844479
0.5047775058399866
0.7051990457268759
0.529144961058123
0.8682193502908744
0.939724487794877
0.9370675562606491
0.7264435179133653
0.8631426060256644
0.6310812131622003
0.7113766995342966
0.9337648422415628
0.8710317662232488
0.9233279430243724
0.8755578841811432
1.0
0.8526174747805361
0.8368566440254221
0.8330194536483252
0.8377056254813912
0.8442796482065763
0.8440445643193225
0.8505994102203545
0.9346332180883183
0.8811932604645927
0.8372908214402025
0.6555291281651869
0.47115031015010067
0.6486191278175589
0.5473696364904775
0.34668844295348133
0.8963263919984849
0.7611652755087029
0.6389534476783836
0.6670031703982156
0.75
0.6470844832072596
0.5688434568624574
0.2106449452302871
0.6556195883360374
1.0
0.8624143953724482
0.8437947034020281
0.7989592101285464
0.9017878851092415
1.0
0.9017878851092415
0.26629633996917906
0.47582466133535406
0.2321725847351001
0.8519795328846567
1.0
0.6485835297705211
0.9540906064577233
1.0
0.9272238052550941
0.9203490639271438
1.0
0.9321237925167567
0.8493675921125993
1.0
0.6116077055714754
0.8202367642421414
0.7815291834754224
0.6737803937180814
0.018190964454859126
0.8494876545570947
0.8091259202900289
0.9343481782039511
0.9024627846341724
0.9173427914441111
0.522783655340054
0.4596707105057985
0.5655260848510565
0.9659413540988563
0.9259582003023245
0.8545173052630645
0.42717533269149444
0.8775393624636307
0.8927163460823369
0.3886561422259862
0.8537560479092552
0.8554418352883885
0.8178402643767924
0.8367250746262241
0.8611110148040421
0.8599942275061766
0.7139603090571306
0.8599942275061766
0.14522083064806462
0.7259036963580823
0.986960653212842
0.7510829107421068
0.6893676158583084
0.7155129787970806
0.4823872477054629
0.5120443002340896
0.42437111309518416
0.9228445108542649
0.9200332404724063
0.9039044457644989
0.11995056469549384
0.825887555841854
0.8188839292316306
0.9413737533670379
0.8893996779425183
0.9112586967473161
0.14830064375413873
0.8329571323446207
0.8567079643793062
0.8705273283725186
0.21596339853284438
0.8659253923948868
0.8653967550402686
0.8496152212666584
0.8294313369526221
0.9366560485803388
0.840729381648416
0.923831663167753
0.29011617288944513
0.8611225345977687
0.8608764831883997
0.14053018341655332
0.9056128321565876
0.8762240926510207
0.9355470225835519
1.0
0.9451094935777371
0.8813190351829362
0.8813190351829362
0.8813190351829362
0.7540523664282075
0.7540523664282075
0.6384878888208134
0.515638803663593
0.4795920110772311
0.46411369929657076
1.0
0.8598892828780001
0.9772813415912682
0.7423623297282063
0.210323211281398
0.7575531856695386
0.7140066522914026
0.8251627013907029
0.5973434670213895
0.7524516789921016
0.8240481421772097
0.9766519705452178
0.7022329268233014
0.7021622828186311
0.6998705707446897
0.7844625376078913
1.0
0.7181754805579489
0.5900711191633135
0.75
0.5762843880762885
0.6537187678198917
0.6602184038635475
0.4670786050892922
0.8098657932880837
0.842984698959351
0.8250700862691152
0.48454382783759586
0.5768939858507928
0.7576218764756772
0.5790125697695545
0.533595958196836
0.5737888981242887
0.46200298272772466
0.47422766260513793
0.4670810944194256
0.8835067364795052
0.7583171974804741
0.8751793832442609
0.7463738547290165
0.7429460402168926
0.7429460402168926
0.6262150060991818
1.0
0.8604941883260795
1.0
0.8985552481180337
0.8219448044480122
0.5302572346117886
0.4947699328946412
0.4246505394541771
0.7781480587321247
0.9803188765925257
0.9439031385825017
0.9297481875949354
0.8039110657995832
0.808758023789752
0.3962431849030382
0.9110309228110468
0.9061200667743392
0.9387631684965486
0.8346629442030401
0.9211669661841908
0.9256911730910108
0.9281649812847241
0.9463643177468662
0.9215826698612494
0.9359728687340654
1.0
0.75
0.47078976385872684
0.4437921534883881
0.40656845333479275
0.5111884235948712
1.0
0.2545132842651156
0.45894478964986973
0.8419354208171739
0.4793281993650475
0.5107165993075178
0.5068904503149076
0.8229007691037094
0.6823773942594171
0.8229007691037094
0.6291477110854179
0.7027298115046557
0.7027298115046557
0.5207310599488093
0.5372857299308085
0.5576454201691186
0.6382310775566897
0.7803282998112017
0.7957194997264161
1.0
0.6636388626856076
0.90362840822497
0.42262369464026595
0.7016264690863678
0.688687415775342
1.0
0.3383235211303553
0.7821121268154593
0.15338969005778666
0.9662013897176096
0.7090267250525577
0.8327726122366185
0.7923337078492062
0.8137280863319464
0.7589475729474877
0.4609969803060421
0.826260908220563
0.8345244775705786
0.8125891399170925
0.8201602856832237
0.8168133374695151
0.8024623647402415
0.8434760860863101
0.937534234297493
1.0
0.937534234297493
0.933650870288264
0.892044828393836
0.9305309208490316
0.8677952776680519
0.8629603054039813
0.8706002954312319
0.6433939244836231
0.6991095386166708
0.8115676928799122
0.617500375919921
0.9344717759559116
0.6031912412797273
0.1578819458061565
0.6767157937496485
0.5356758725248979
0.8136177021178361
0.7061925014833814
0.7684280150918941
0.8746132133019903
0.7878112720611309
0.8618380181215548
0.7313080311464617
0.7406602736899988
0.742137870266409
0.7594576191526773
0.7594576191526773
0.7594576191526773
0.5998016398466711
0.9762039407134605
0.6981223723681247
0.644969476638935
0.853077663664926
0.8579655768934493
0.9117439119786597
0.8967617651375492
0.8967617651375492
0.6439013957307463
0.44633545390578755
0.70044551493129
0.6684722437728058
0.5252515763780881
0.49133968111881116
0.75
0.5053225541980505
0.5360050753471146
1.0
0.8875646400451923
0.8915216069117347
0.8897170645454305
0.9750655343692642
0.8250574599270586
0.33805233252107547
0.8761867492723139
0.8558458309637442
0.9773339441442196
0.7477387892769236
0.380675688232196
1.0
0.8729551183918767
0.8536123333915625
0.9453464500054526
0.902158954526189
0.9335779353354292
0.8723919123706637
0.8854535871874454
0.12209292529972648
0.39957024867207724
0.13814975910487895
0.8590392988392332
0.75
0.5806221035729925
0.5323084522375391
0.506018653150282
0.8295524239502415
0.8854978595281756
0.8409674151642944
0.9510932277820704
0.7207731613406831
0.9282316100296609
0.9282629141928239
0.925533341266902
0.9131188998100245
1.0
0.7518048508933796
0.7898211288845154
0.8502716956551581
0.8361871826619469
0.7076424589896065
0.8570836110119497
0.6770668593447389
0.11718650988316184
0.89562330002471
0.9458845719689268
1.0
0.8753354749000023
0.739126855769279
0.7455198139669387
0.8047756407098176
0.7428003824010836
0.5251423258407492
1.0
0.6218145976717309
0.34929382326355674
0.8134980174415398
0.7777383612110971
0.6494437454979425
0.897445238757465
0.8542230189015385
0.08075294986255181
0.904797589190992
0.8404370570420017
0.40532411908087673
0.8708648299892916
0.8637584650540835
0.8475263891987668
0.7372816798271314
0.7318412412983575
0.2128449530030409
0.21982201248115257
0.2128449530030409
0.9517120843061884
1.0
0.8235137891040927
0.8027128050324152
0.9481677349980642
0.8939753591311768
0.47783847883102404
0.47783847883102404
0.5119465297012609
0.5458093931692344
0.947444077381406
0.9104563081925784
0.061433383405494105
0.5986718021207473
0.7119928917721454
0.3347584913941471
0.3651029505961945
0.3739524222724358
0.671507208143969
0.8087966536505476
0.8895103683530678
0.12355792151086183
0.16073194657826356
0.6893380106633928
0.8215104646085705
0.8782449710842294
0.8433714774054482
0.7117491709515389
0.7580219103251605
0.7001775571163099
1.0
0.957822380929406
0.9300848410196411
0.36311362058189606
0.2550466637639498
0.599853847172307
0.7720528111965914
0.5995690111906834
0.7153357838159844
0.5799676939392557
0.5744712882574784
0.5745145043384992
0.33751139061583313
0.7180571581933957
0.21556306465913222
0.6387446354338635
0.8582928009180851
0.9120767429815613
0.9155122623617997
1.0
0.9116275957996931
0.8418427013181935
0.8406014142490418
0.8406014142490418
1.0
0.9719055926991946
0.477522967207878
0.9549891702587181
0.9249631490669818
0.9155271383710667
0.7955173971124371
0.7795146883375746
0.8003369214081969
0.33602684500131114
0.3357247524217136
0.3785523270183557
0.7536999215291591
0.721827989032175
0.755848431905997
0.8506285616959668
0.4025840794521164
0.7411550423314756
1.0
0.8888508760628705
0.8888508760628705
0.9126994661002403
0.9078577734157371
1.0
0.7337859800583123
0.7069539405183655
0.6303817165496625
0.8514034732570896
0.6569682584733431
0.8077475885259824
1.0
0.9485360069206327
0.8757810785432771
0.783633006813682
0.8604320824833602
0.6095010129532529
0.7749454280508283
0.7728203497597894
0.7660310894599699
0.7473268659913761
0.4412843070552279
0.42994466630243217
0.6779830244753013
0.674965155573008
0.6737602128841158
0.2012719429238461
0.8053737326840601
0.8958763920728132
0.7715801014934909
0.7661420475921361
0.8394338105569765
0.05760914013856612
0.4531358804584261
0.6196669425371198
0.6238912333679829
0.6423754987492616
0.6117197534758321
0.843244859444672
0.7302449003482759
0.8849818729376118
0.5620150514460194
0.409347706806552
0.6278060719432891
1.0
0.5766058175009303
0.7675485089899554
0.7893835637842627
0.7277068104321457
0.777638353519914
0.1243280741536819
0.9354685495618769
0.9308945764680505
0.8665736025405549
0.7548567368066073
0.8668520664879102
0.7881209590773088
0.9232907701759343
0.799648684825238
0.6670730238479112
0.6529011105657787
0.6646885754064749
0.9247026927006682
0.7235388148316266
0.8777146882898004
0.8119658133746306
0.8255336052793182
0.8183164965162051
0.9873681902852036
0.9379081438355487
0.7927148663809818
1.0
0.9870977636152091
0.9613270217498201
0.7764185427243029
0.8508588067664516
0.7488204802007788
0.6338925892834001
0.7462824252733441
0.8227429421884664
0.843239076548015
0.834914672612085
0.8035325518887896
0.8401429723072
0.8124888510645192
0.8651429723072
0.8433959850912144
0.8452463414164254
0.8433959850912144
0.39035164446477877
0.37526429852644777
0.3882591682278035
0.6517295359335316
0.6517295359335316
0.7944626861751506
0.7643192982396251
0.603176864737536
0.6448096880395042
0.18387648043577864
0.9298991392168352
0.9191917319364635
0.75
0.34652266806582016
0.3651029505961945
0.29128695620550077
0.4252805442090055
0.5612449701142981
1.0
0.7320828672705271
0.6635921999468647
1.0
0.20686567408271317
0.5087259924293611
0.7741331625025479
0.7881776476675824
0.8208252825829607
0.8715607482113359
0.8754407909556329
0.7745265550189487
0.8484758872221658
0.8358422142448911
0.941444090675433
0.9135482637939089
0.9642695810032775
0.9362411394762395
0.8091233467968404
0.5927429515410839
0.5927429515410839
0.2804111088368324
0.9405909238499588
0.9272913501419053
0.7035898468273265
0.6938787501877485
0.7191785539489225
0.19353651172968483
0.8762649360352129
0.8779976297923258
0.86038726339639
0.8504089555724774
0.9283946862806344
0.9269444138670663
0.9641785230412196
0.9481914113422069
1.0
0.5413195705881624
0.9036184833206178
0.6366975487982799
0.5364729681546758
0.6236994536112472
1.0
0.5257721342848577
0.770907592621018
0.47613703130568186
0.4702112833929104
0.4146557278373549
0.7255927817341834
0.690076352560355
0.701754058937516
0.04936310299123631
0.8069277435775403
0.7355225680569834
0.7591114981767095
0.7390142342429662
0.8793529274776027
0.6909355339633703
0.8215720392548409
0.78905227220952
0.853861162349833
0.847546542862529
0.8394539206075308
1.0
0.9762710758101494
0.9841974283224264
0.7591598316791137
0.7607065978159897
0.7603805588387393
0.7805214954236078
0.8303498973451328
0.90707604715129
0.7188585325866484
0.7348150709569284
0.6098150709569284
0.7428779757512216
0.4246041164795823
0.7459322354400395
0.8732687789319205
0.7648916472150138
0.8749470272296745
0.47764434688192725
1.0
0.8876319995278046
0.3898270596499345
0.33015736766956477
0.5357693485975121
0.7617579082607544
0.7195399854132318
0.7624326448311448
1.0
0.23011910482212722
0.2330581943101109
0.4092290225031
0.6428738105591116
0.3726845922497868
0.8838478662415798
0.8800493955491364
0.7476633448126064
0.9075537337848119
0.6470763680197359
0.7943905095318989
0.8854346944430258
0.8380401258264955
0.8685226403114437
0.75
0.5451821233922471
0.5732634805548077
0.9841555211231532
0.9840090714713878
1.0
0.6194479725383688
0.7096839751311337
0.6785101419602165
0.9108441365028327
1.0
0.9268089780807567
0.9151374989311537
0.9151374989311537
0.9196148263295851
0.8894279912879508
0.8123257352454646
0.785347009250441
0.7579975064081236
0.7521679386748205
0.7656526132733074
0.09694281315306423
0.8540210265145667
0.791668204342304
0.3854969384629448
0.23773868821138028
0.40125631566610487
0.32745590069180797
0.8159063845247387
0.8159063845247387
0.7378225473427669
0.7257358003129925
0.7551012847001538
0.9243911824901021
1.0
0.9011644705630852
0.6969859300642856
0.6837378146559103
0.6969859300642856
0.8732103248123082
0.8284800286459181
0.8816477134305686
0.8555614001431159
0.37093208645719067
0.5449974491119203
0.8936798322464522
0.9056697825151248
0.9302330077925631
0.6517213925917166
0.790753145947739
0.38312865690454734
0.6259047982580197
0.8188292473146548
0.7909113438118953
1.0
0.7658880413683122
0.8443587068824053
0.6518152028978573
0.761532305206451
0.7380233596875742
0.229724821034264
0.23605046694158438
0.9039068424721184
1.0
0.4639068802969848
0.8013523057265967
0.9805993107214686
0.9207100078109549
0.8104290646406518
0.886289204680627
1.0
0.8130657469401774
0.5521690484725946
0.7165777683157838
0.7566458481273124
0.9537654630364691
0.9214978815926247
0.9259236129461579
0.14423123750091987
0.14582028649253764
0.15420556088424825
0.37571064040793956
0.47550259599182276
0.6528522190260407
0.5303212938878237
0.5793817797252276
0.5793817797252276
0.75
0.5789359075101589
0.5684371612809275
0.8615195817303336
0.09584071664772006
0.8877105005201902
0.940667224012745
0.5551234339787581
0.9380439871050616
0.3951021315062595
0.364546948127932
0.364546948127932
0.41530957753847486
0.8728166600564692
0.8449001422334942
0.522494799385197
0.5274593565864817
0.667706559893033
0.8492627924105893
0.8117803382972979
0.8494832112570769
0.262889393505515
0.7372945521382587
0.7733055453273551
0.6431505149836565
0.6016837469135045
0.6016837469135045
0.7626262969144563
0.8925086227132053
0.7923221006969481
0.9154573203725404
0.9443276969100428
0.9076011557078729
0.580577197111777
0.8882700838163213
0.6876867551285529
0.6857511513373553
0.8733950765219898
0.8796359930045636
0.2507042693750952
0.7675692686368838
0.8871420408668744
0.6272313577386347
0.6460577973464764
0.6896224639991531
0.8310711366105819
0.9203937961903601
0.9642083145149675
0.438558845908389
0.3710043145981605
0.3902830218289144
0.75
0.4472904172425852
0.5756616386806392
0.5043424762672745
0.8364874180859212
0.848284604305107
0.8060112897615921
0.701190083223255
0.6836305456566658
0.7527899654079552
0.7394197893974306
0.7585803210245983
0.47726804487447627
0.4787949598069119
0.9093945558490857
0.6472319138125177
0.6023811965003038
0.8380490244776229
1.0
0.7887404354108615
0.868386486759954
0.46958325381869037
0.6848451131846327
0.7600910183082331
0.6023415786576022
0.6357903044106614
0.6274975536668738
0.5890131549405815
0.6060877951837005
0.5858559941845218
0.5084452451205135
0.5306522804241753
0.503195219452578
0.8118501729186111
0.8280096857829541
0.9279160196124555
0.9335406457386597
0.9294621927192435
0.9093750714321789
0.44909258331904567
0.42672264993672626
0.2932105438868092
0.38173371718533017
0.5744992628081651
0.6244147971766988
0.3274741798811926
0.2591172953524087
0.2864964877018001
0.9353955102390532
0.9287395948418169
0.9249124903169748
0.4222830989913639
0.9406701586900659
0.7566970055883131
0.5500920384482904
0.6088053280091481
0.6927830971844324
0.8497926548679527
0.3794101438867785
1.0
0.8732043580021327
0.8987266684108359
0.974387719823664
0.75
0.4954267286086072
0.48779051290109887
0.8942305512834178
0.8937917352842141
0.8859590404427886
0.75
0.548972179510331
0.48275088842284264
1.0
0.9167612589489096
0.9660898620910937
0.9322901632161398
0.9021243334175585
0.9077904021385762
0.5663494277634361
0.4876454242257183
0.7739568941497477
0.956594831199459
0.956594831199459
0.889830912598403
0.5212536892504387
0.4095461174776981
0.49829295569105786
0.832458294695299
1.0
0.9157870573795954
0.105902004384393
0.399829859274511
0.41649440384459263
0.6241622160378575
0.8679540659849833
0.8632256072407161
0.5635831723624258
0.4546671192597996
0.4712388184138232
0.5337565002262477
0.7526041005656563
0.8875724997240793
0.12409106124614117
0.14054923473584174
0.38090557330634034
0.327230292634545
0.9072066264100489
0.8168512860044933
0.19007553418038114
0.672689145305349
0.6746095609517182
0.64875023942467
0.4378700128427734
0.4220582853394522
0.61816994378716
0.877177040486617
0.6903880440456605
0.881619723865628
0.8418790133490116
0.8127446503870361
0.4996116190801392
0.75
0.5060957258528027
0.6634005009024612
0.75
0.6634005009024612
0.505898923056423
0.8520266477863283
0.6869560760056659
0.6059167407303525
0.6190261660847866
0.6024510068063103
0.4180809007628812
0.5604805506965556
0.5650828236922313
0.7926562254581775
0.7702362973671905
1.0
0.9255894180617845
0.9176439325711867
0.9712867336674023
0.9702318806382227
0.8553982905441864
0.9702318806382227
0.5767885020397072
0.3991873632008595
0.5470549002339234
0.7528980448383191
0.8380219715653687
0.7504574346649582
1.0
0.7916937031842447
0.9063615878955182
0.3240378977277191
0.7227919514038812
0.7932115298516403
0.8490929463609438
0.8913544484822146
0.8523264069951603
1.0
0.9169236131678775
0.9105998865032601
0.9714181963061841
0.843793702788767
0.8492848306106762
0.579243292698323
0.7908109157559664
0.8830744507765855
0.22109583750780726
0.712372065338003
0.6854270231228319
0.6315240921309958
0.9174759841706259
0.5654825785705708
0.6985441168263865
0.8022414240745656
0.6723170108948683
0.7766648022560805
0.7524099712032976
0.765404125796999
0.3455238885208939
0.4577861855775939
0.5689340445276903
0.08164523749434476
0.8876007517180788
0.8724302375204362
0.8878088213224986
0.8729745849980332
0.8704841345129188
0.24446156712054037
0.530636436210127
0.8108145185128658
0.7667319835169392
0.9040554187931715
0.9285859598691448
0.9353831843571198
0.924451693228981
0.8240103314018659
0.760586676831441
0.8364059510360026
0.8002491372549166
0.8907882495287857
0.9314047329021367
0.8876383748060235
0.5110961467255577
0.5110961467255577
0.5110961467255577
0.6967738468031585
0.8402569725385622
0.6667970086530014
0.5318264069475391
0.9035007265928993
0.7345883567305043
0.8792754555062581
0.8932378545349301
0.8874989774803769
0.8715620367596574
0.8832450369909213
0.7914662531500616
0.5044756687750792
0.75
0.44352434581913375
0.5916921149866455
0.5992233182264355
0.5896883784697371
0.12127107154476624
0.9498732461642729
0.8218985470173222
0.9816602764721314
0.9734905646526381
0.9664706065977985
0.8768076959877162
0.5618057858737067
0.792157101742558
0.7969947246701492
0.8627799877777353
0.8044812053856987
0.49903699963083475
0.501251848527914
0.501251848527914
0.8996308544837377
0.8996308544837377
0.8746139072419196
0.8067371466697629
0.8164510512277392
0.3638320208305552
0.37018927593291207
0.8046436057449502
0.8216833839172308
0.8747967431702104
0.8566479225140633
0.9312650286030446
0.6155654171665551
0.75
0.46555158673806574
0.7811867128599994
0.6918535511803043
0.8123048628345445
0.8764516869548853
0.7004910987349052
0.8988376971696302
0.8767898599303381
0.9285644662670902
0.8616021668916183
0.4811210407452438
0.5086742314235189
0.75
0.8780348714974046
0.9242567494854486
0.8712916985325255
0.9047630820232155
1.0
0.9123220217932313
0.731297972933049
0.7977296952278905
0.7073566239660873
0.4627815407564241
0.748085716080261
0.852049678917203
0.8135403693496647
0.8053958952210972
0.6193252063286167
0.5224804618593619
0.5235324933796899
0.5778214223837506
0.9042612589489095
1.0
0.9660898620910937
0.9486180317075689
0.7123595784317247
0.7226473434749286
0.8471373014585658
0.8323497540986111
0.8394015333370469
0.5311716954907199
1.0
0.917436513827651
0.5760178236029552
0.5383140483682028
0.5602061969680316
0.4844407154719078
1.0
0.4847238846314692
1.0
0.8409417899173408
0.8409417899173408
1.0
0.9201686974720111
0.8801171548453754
0.08075431278394343
0.43591173130055877
0.8304784652622423
0.6629768950026746
0.4365984768831665
0.5999956764130017
0.7268792618797811
0.7402099399785679
0.759101395743172
0.6783643028282174
0.6472160288919788
0.5046756597946935
0.719814915975318
0.9162583963572347
0.8766758510668657
0.8275333709060599
0.8275333709060599
1.0
0.7336720037100317
0.8355754292145327
0.7419585728921506
1.0
0.9078404488457095
0.7369115921751601
0.2627656918338158
0.719414477717151
0.6871074126051026
1.0
0.20375744647703117
0.9097385227776462
0.4693795074613347
0.8518378005230203
0.8727334909431034
1.0
0.648169886134194
0.8937794526169377
0.8681049358818116
0.8626262051624656
1.0
0.16192264543467638
0.30821596161208004
0.875134785121796
0.8880173232355902
0.35512409054870486
0.8251364121834033
0.7840046614791395
0.9271409850329264
0.7379421637089889
0.6243956538879789
0.6125905148786474
0.6452260831552562
0.278392063320983
0.39122236864846366
0.8942485975721415
0.824829897603648
0.8051409079132672
0.8657756286741319
0.9138394349344123
0.687461592411877
0.6568695961439157
0.9779562536051877
0.8967524850160179
0.9541007417294333
0.75
0.562781132814403
0.511168982376428
0.1386652422884209
0.7978335794624996
0.3044411122574352
0.48528866683874716
0.9607657683040325
0.8539091961286714
0.0936298482304922
0.09476422150188786
0.9376284020198226
0.834399334930128
0.20807469980612148
0.44357266915656846
0.8463711424544553
0.8463711424544553
0.8470964310564928
0.7042427558683495
0.6954213849621422
0.9637760930814185
0.9386805534794056
1.0
0.9415150942388146
0.8346956970238011
0.8343232786144243
0.9495999558425794
0.36536919084614355
0.33999014701716157
0.8384306868478271
0.5006747466727199
0.9205788293362895
0.8615950169498858
0.6595613463243959
0.7884607042432842
0.6630672931189955
0.9396552745212283
0.8762898633044723
0.9703351918648951
0.9173040445244396
1.0
0.9027867916919552
0.8948818379268809
0.889605225495555
0.8594451019232524
0.822871805649816
0.7812051389831492
0.8155407039698769
0.36452414279553713
0.5894969956334104
0.24191066911869666
0.8235497042911408
0.7833285674882563
0.8057404288865445
1.0
0.6466702639723935
0.71399310478929
0.9068409470207696
0.7601358825447604
0.8710002810411686
0.9473264567644872
0.9473264567644872
0.9345353830419876
0.8048513682238909
1.0
0.9393841527485793
0.7661257225303186
0.7787259931885299
0.7235889341517168
0.5185611328827137
1.0
0.8624515854516214
0.8994492546609942
0.8967046441448883
0.8967046441448883
1.0
0.8121146262193786
0.5631919582873148
0.9120414272792943
0.7062524954360244
0.8326813050558513
0.360538693558911
0.9025146590112816
0.8999223052235383
0.5022807730825265
0.3859717571277864
0.4782509940327101
0.805992152348857
0.7881599395333366
0.789697408584863
0.8505741334509581
0.8675081304894925
0.8445954551461623
1.0
0.8992467539670602
0.946151993728995
0.8413001991987014
0.8777214025020906
0.5639330278206904
0.8348987599950755
0.3193574849667822
0.7788999939322588
1.0
0.8882091582139151
0.9549730768149712
0.4721995734390547
0.3699840529462485
0.6506397272009582
1.0
0.9863295293747681
0.45491573096942095
0.47061467044034916
0.4233473885731587
0.7316330704048135
0.9527144051494877
0.9446167495780007
1.0
0.9792669373770291
0.9212591279327098
0.9253691213219644
0.9676702108997591
0.9761359013724035
0.794151367447172
0.8405407352299076
0.866926501641826
0.67271028262306
0.5131108066065174
0.5131108066065174
0.5131108066065174
0.8386722703825155
0.9246892994090543
0.8988048928486471
0.6971993176552492
0.6577225383564048
0.888323644648178
0.6889998604173939
0.7012282987422023
1.0
1.0
0.8409417899173408
0.5484516791454247
0.5167734656960971
0.9854169344817341
0.8508662304766792
0.9068138412039465
1.0
0.27033144417920035
0.2876502084907267
0.9631728873809561
0.9007457638765372
0.9396614296804041
0.8752874273276174
0.7345029086745303
0.5864270394252182
0.5968198991108784
0.5825918824565535
0.6642348078896162
0.4481281515800209
0.6896332412470083
0.6583025606756915
0.7033735646743343
0.6489476897290275
0.6970763040720569
0.8706483023373568
0.6654952837691273
0.9300275084840735
0.9231637279072167
0.9250443206543809
0.8343779278129189
0.7626001410426557
0.7008409480815658
0.5200769070692827
0.5377261769491264
0.44574679027228203
0.9341878674695313
0.9284311083772391
0.8791687978801205
0.8160403365106426
0.7948906986629396
0.7459487346141992
0.8785830246780021
0.8607974651546122
0.8489332977267604
0.10645103866077542
0.22941972682837963
0.5951619404171141
0.4671349229934517
1.0
0.9539148546705507
0.6554074127410038
0.6530716191927352
0.7307256429644733
1.0
0.8599454849208377
0.8599454849208377
0.2394243166517506
0.7339314103938414
0.7120213967915198
0.8008445312086216
0.7911808619494423
1.0
0.9050697043397508
0.9254422003141045
0.9639114409133143
0.7537639451056646
0.8888786469987228
0.8814026029887816
0.1100054245617508
1.0
0.7526696057240444
1.0
0.950314326976506
0.8214908244845084
0.7017779534475846
0.818702568881063
0.7753436390030857
0.4039901822107662
0.29303115977602767
0.37453225880017194
0.943298137507897
0.30116315175215425
0.5294112942527185
0.879777019366907
0.8827796035647371
0.8933756775204853
0.7163993333775995
0.654721564609196
0.79365972556124
0.6961837791764984
0.5711720352248292
0.7657008333749363
0.7038780585083297
0.866275348702392
0.8887657398120207
0.7939504814423071
0.7301769048100244
0.9059715286462097
0.182020768778953
0.5645978694195943
0.6089111089495315
0.5862720339993663
1.0
0.5511696624384997
0.7564483874824725
0.7284024497489043
0.5295697320314471
0.7840484179540075
0.9472782563845178
1.0
0.7491657970730116
0.6246263724627655
0.9252897460794116
0.9409084449285765
0.8808555958817611
0.893861396229887
0.8612864650747543
0.9260247674648379
0.8519554402814595
0.7499643167405335
0.7344282717934505
0.8383696427605658
0.6622648520713383
0.661584037516709
0.661584037516709
0.7797318787854665
0.9233327390136912
0.6819486002308789
0.8622889710921657
0.8474240130758475
0.8622889710921657
0.5166372825696665
0.588065853998238
0.48945861338531294
0.3990063435997396
0.7555528559817845
0.8348733169690087
0.8965169932018797
0.8752207302951529
0.904661518142901
0.9184522640664009
0.8400377779512542
0.8434522640664008
0.45374347282307587
0.34567715277109723
0.35024167652935206
0.7150049787766659
0.9599833297177414
0.9422112792300802
0.9098791359053986
0.8388965298459062
0.9279028821158759
0.6178132862272451
1.0
0.7322184895358465
0.720546493058825
0.9579060685124449
0.7160193809521889
0.48962190080865303
0.7827532114008712
0.7827532114008712
0.6826142094951547
0.6842318540382192
0.6246094369380436
1.0
0.820626651453013
0.7095699522605228
0.3923324362689286
0.895850803141754
0.902338147074987
0.49777731116075685
1.0
0.7831046059672166
1.0
0.8471317343370441
0.8730940286066483
0.75
0.48767884578178666
0.5400346764347348
0.8546344409813582
0.696216359674275
0.8610796716424853
0.9364841776612491
0.5511126595201774
0.9073870971844836
0.3735779214491175
0.10222735438982397
0.677029553029262
0.8624873168733342
0.8757992754799222
0.8739033181261746
0.7681759202914721
0.7887591236106736
0.6177723579024537
0.6728327669720737
0.774791236735022
0.7724915991563077
0.37178248289015464
0.8663153858275284
0.8788100182344221
1.0
0.9783662902073494
0.7608300502233736
0.8380354578744832
0.7777709138301367
0.7187514437737152
0.49557799144964265
0.6085500911736033
0.8865654964789619
0.8725839991090687
0.8650419114297285
0.8764781288137407
0.300670744530448
0.7038626862857001
0.3974120069780951
0.8535367444578932
0.809540164493532
0.8218507014340051
0.6930396462326132
0.38066067197223785
0.6655763827805921
0.6487444845642748
0.5855194131260748
0.6015815779820027
0.5425644785299082
0.5308889804825374
0.5720844832072596
0.41515953900469604
0.6567251232820404
0.6305799993398258
0.9399015529664867
0.9632685571596232
0.9596617473971617
0.607969898399325
0.7447828113924146
0.9341433582168455
1.0
0.8155976829031161
0.8268459883236733
0.665104064810139
0.689482201593301
0.907701284313594
0.43286329647694755
0.7498600901743521
0.6255230309353743
0.29205688665034407
0.4129735370168503
0.2802760590558672
0.27617531776432913
0.69109639055952
0.9149567277887038
0.5558762179265507
0.5478561186873003
0.615606931836041
0.2356303299890987
0.8704435882668407
0.8620852036373773
0.5007061185105885
0.4885449759076732
0.8122654887334323
0.366150723456236
0.05500054112111904
0.2827102026407429
0.565578588308024
0.8139836521001774
0.7898426025842743
0.7666398265674769
0.8758684710773769
0.959948476653582
0.6951927690922058
0.4836239322142404
0.8331017508450261
0.7359598637677941
0.9011668445052425
1.0
0.6649195280101137
0.5661638719565445
0.2868752738482457
0.8741828348728695
0.9246879591118042
0.7552547590728614
0.6929900538330014
0.75
0.6929900538330014
0.8447104225584484
0.8628673833419148
0.8628673833419148
0.6489823972673895
0.9009868857505364
0.6776319185018438
0.7152072811442087
0.8744938094034631
0.7624160281060541
0.7147088564236993
0.6994630712430888
0.6994064366141958
0.92146268382483
0.9170261480340617
0.9094872305492533
0.8814572547500987
0.7609090355932435
0.8990574234383311
0.37936038401049654
0.7782649691669151
0.6515523981050303
0.8058914429374952
0.9335460149177588
0.9212835504689135
0.5813977505943236
0.7040865637984444
0.8949369070129691
0.7064129478135579
0.6675383347343099
0.6952810463175327
0.8321184624737098
0.8953294766015253
0.8079270824181634
0.9137658015700058
0.8999241948234651
0.7393500239762025
0.8184644961669706
0.8649154658089347
0.8735536324465601
0.6903179183242008
0.6746929183242008
0.8444360928657942
0.8398320017077305
0.8764400375856043
0.8250758305415944
0.3601336276486701
0.43684191710797715
0.3663128210234331
0.7154411453348075
0.1908232699133826
0.8853455208318355
0.36714316529301916
0.49654526768742546
0.5061379862719237
0.8235643284227282
1.0
0.9781295174116187
0.8427480810579346
1.0
0.49237911671936424
0.1932442376267844
0.1766998051810893
0.545918182026115
0.8514529984496634
0.8706750164536722
0.8490543232598836
0.5246017741820003
0.4786234702381168
0.414468746819349
0.6071439976570037
0.75
0.2709915103090251
0.8966231616925907
0.7214764289548116
0.8965106068238549
0.5067669643083508
0.8658576371973976
0.8381968459616576
0.5134813232878248
0.7465075662292642
0.820317932539585
0.45418532397308964
0.43856609577207517
0.44054591780410823
0.20788544831805011
0.8598768606733619
0.8396015058140567
0.8008585278345614
0.4557891278633066
0.7936697575547014
0.872768141094812
0.8670156581949005
1.0
0.8268903875873257
0.8562128492996491
0.792723849562272
0.7934701809576188
0.7934701809576188
0.8876186007305289
0.4058963524988354
0.3740413268790501
0.75
1.0
0.8156358893621934
0.8629930185056381
0.7416600808570138
0.7197702333361592
0.732792594629045
1.0
0.9179651870394163
0.7113350195686925
0.9166009341105856
0.7658266666943885
0.9140218185385642
0.9045330090706003
0.9201046533673449
0.9026684420990636
1.0
0.7340254335685327
0.9561755524723312
0.544627188298198
0.704459799038846
0.6664796822883268
0.6752627975168559
0.88836519353033
0.955092756293913
0.627732890452591
0.8606017737791136
0.6800244331919072
0.9261773499815948
0.6300965556319768
0.4342336580601888
1.0
0.962592938198003
0.9009290185043164
0.7446596580032403
0.7381930594965338
0.7495967659423993
0.8838894929527755
1.0
0.8673017495817739
0.41363569141278733
0.4033740613880168
0.451317258189188
0.8388588013345631
0.8100302188432632
0.8205105292282004
0.7376577821219603
0.7366173318250409
0.7427789885228611
0.8465246961682601
0.8005140752292995
0.8088134627333635
0.30025360625182945
0.5247470667968747
0.4570944054457283
0.9485802129517326
0.8996895909554499
0.8697741749833268
0.5962402843699937
0.4622388390167129
0.60074122598277
0.7194449020927122
0.7438448128884736
0.9362043187604694
0.9203136926530882
0.9408941188216312
0.8963339677625619
0.3330762999471142
0.3335518120983394
0.3333111016761101
0.7947004104263191
0.34091533602826063
0.7514452729517522
0.5820760283373442
0.18434779273924454
0.8905590315187943
1.0
0.9518502900326031
0.9018684908102882
0.8632394593316585
0.8919205682292741
0.753361039000511
0.8662858684865947
0.5784601523871281
0.8498024828782823
0.6310382849927684
0.504321335716843
0.5217618090180782
1.0
0.8804376137348233
0.9047531553288295
0.47381075458302707
0.569540735163858
0.75
0.9038658221296321
0.9241940167767259
0.8289203898190806
0.9596451107456603
0.9398370109569403
0.920950109543651
0.8570195669085665
0.14778341841976989
0.8689567514249734
0.48770497876077895
0.7745814226948027
0.9199382237222735
0.9815056980498803
0.37059095878863724
0.9068125052865463
0.8441512296034737
0.7582010389075948
0.9285078912047214
0.6488347649516966
0.6346039530446133
0.7349753220684804
1.0
0.9872211566210386
0.9871262347805542
0.20258079389093422
0.8942499746400543
0.9265985443570843
1.0
0.9086842592988942
0.9006510010042934
0.8045178359400414
0.7876669477503272
0.7689872024825071
0.8654310033444275
0.8825871087406159
0.8597946898264925
0.7384510947971705
0.8328666591744656
0.8412239456698491
0.6153233162815075
0.2929586394956035
0.6549738851187701
0.22706923423077627
0.9226697201497516
0.8791650801693967
0.9268524821246719
0.9082538531023283
0.9163745216500928
0.8810662989844211
0.899318676071804
0.7474536032956836
0.5647994143246104
1.0
0.9286084706887486
0.5598588426661703
0.5665965175743708
0.6248344660630288
0.3120451406288603
0.8573373276931602
0.5134951138631517
0.21544403391994116
0.7088592996447104
0.7172370733087686
0.7342805834608948
0.9536117882976841
0.937523770088272
0.9118008176048283
0.9045383453479879
1.0
0.9258121769057198
0.22976692018772352
0.885072539828449
0.9734645341133673
0.7977191419927101
0.5639444838138219
0.5722945077983156
0.6261529773467698
0.7901515107976669
0.75
0.4786382544244522
0.534619111458056
1.0
0.9112193249356058
0.931920877467115
0.7217449391522613
0.6950527860118203
0.7185476908627597
0.8166417161806643
0.8113802260586596
0.8010103961507088
0.4925560761645133
1.0
0.6429366990722459
0.7563648733260384
0.7845240573121042
0.785801800613185
0.4107765342370677
0.4206917756342836
0.375497727328021
0.9280132675654073
0.9141282683515889
0.9903903326383817
0.6807852381807448
0.6688693347450421
0.7204835992609974
0.6423639662879114
0.6327442253503769
0.6277249072568969
0.4909372313576521
0.9581796742430422
0.6158217586598018
0.9711282328646424
0.9417724551155398
0.7755500801714887
0.218491221454032
0.6360979269585771
0.8270994337918932
0.3400849920303449
0.27740411040044133
0.34445561172770456
0.33417260407748584
0.19858851774546404
0.3808352646794747
0.7722713815748583
0.3114152117185629
0.9209400688845351
0.7654211683088754
0.6431630567704026
0.7953241241376243
0.6309923214116198
0.8228131805815841
0.9054923546389246
0.3816272904587726
1.0
0.918328594182027
0.75972853437604
0.7406931403174661
0.8538723195575117
0.8946443489721423
0.8902741495285198
0.8781632738683514
0.8083081628444819
0.8083256151300725
0.8081350708943827
0.6061730181659402
0.48873163396236996
0.5228396848326068
0.23591265281208956
0.7359616566395916
0.723415428168596
0.347424971413682
0.8832067805250323
0.8504614115265691
0.8309811799713088
1.0
0.8309811799713088
0.33038133931809255
0.7372763867202825
0.6971137591237322
0.9769945752198198
1.0
0.9590952159450793
0.4232009873439584
0.5172460336360003
0.4296184349532305
0.722747974514466
0.7948323103553591
0.879549654452725
0.6950595250997664
0.843779318772997
0.7513686613447981
0.4515689026747618
1.0
0.9603157032359757
0.5720844832072596
0.5688434568624574
0.5364997079347675
0.7150922033353273
0.4979635035173007
0.7856332075114714
0.7647179207312722
0.7739589046178317
0.7783952020385028
1.0
0.9265176950191473
0.9647137167075192
0.6179093848676799
0.75
0.6375602641047496
0.2149141569801134
0.35131726738241975
0.35919355369764394
0.633496409116038
0.4123884399252494
0.4812348220426759
0.7881426645565172
0.7741784073834734
0.794308932720076
0.28886958934094553
0.25703417919546
0.18164438711554526
0.7350989077525363
0.7069815380715336
0.6169267024626204
0.14699743137155427
0.8257825921227323
0.8011649755686148
0.5030553380904307
1.0
0.8554041561466019
0.2676149784389688
1.0
0.6939098561817512
0.6333685447489741
0.8837623441039859
0.6126720437559777
0.9217123485292877
0.8915052378337166
0.870164056382911
0.7066227843204016
0.7095302728810708
0.8058052933623506
0.759977309367006
0.7770315098133687
0.7352911942905727
0.9345168463071328
0.9416879582804963
0.9141029610496425
0.7202876100271444
0.7362938807453472
0.718686617772488
0.6468154801745039
0.6380881893718673
0.7027211494516904
0.48267336892346346
0.417128700524213
1.0
0.5709820781030875
1.0
0.9585304431823193
0.9365011655609845
0.9459884527614038
0.9419342137314571
0.8148304197978664
0.7733130902106269
0.7506201112807569
0.9059674098183191
0.8972327776433245
0.8204595020625591
0.6897752377999673
0.8382418581237517
0.8656080130514062
0.5660735691364625
0.5180308287643652
0.75
0.6776644327756607
0.75
0.4599058699206595
0.8462135972968138
0.7864893027456236
0.8388557907132933
0.7968163162941907
0.9568670903913972
0.9554768018770627
1.0
0.8627674853892573
0.8641777566735263
0.8215734647577418
0.8232957546412337
0.849435925787549
1.0
0.9352504004791009
0.9252504004791009
0.7850216216173445
0.6984121477445433
0.8136323456114043
0.7739394234337884
0.7219507855764733
0.7179296415825436
0.6630722358953566
0.6498158619966978
0.679712738920756
0.7409282306076255
0.7478466229008458
0.6991070502346055
0.75
0.5399378830952135
0.6236612377135607
0.10604920221755726
0.49725486402233465
0.8347845305571986
0.8325874836818922
0.6811961317383795
0.899899087034814
1.0
0.8162102972468259
0.8129960268175312
0.5071920735305587
0.23080804192441606
0.8583032457790076
0.9166318045184021
0.7871264848391641
0.800059941755433
0.8478908582455964
0.8451319870632636
0.8451319870632636
0.9673668312034222
0.8108553017607676
0.9506705710860621
0.4387315023260141
0.4387315023260141
0.5329863931636679
0.7834188910272222
0.8134072546863128
0.9601565470732163
0.8857067423067194
0.891285310685083
0.8799185615340019
0.800094791996772
0.7835246384417962
0.8639654858471277
0.7347635695705087
0.8456636355495744
0.8794288807033128
0.9029927987709457
0.9032375275725903
0.8766619490444094
0.5876069403503715
0.6235808303573346
0.6544827190928014
0.8578879131574023
0.8794917570783011
0.8753569106307708
0.9785128631759763
0.9043269428730019
0.9785128631759763
0.08258143105099444
0.6488949029152663
0.6474106608916997
0.9546241200534065
1.0
0.9301376525559939
0.6563880080068764
0.697371198947371
0.6385738134554846
0.43905976237855043
0.8002677114130501
0.8411637259275018
0.8787834384769353
0.8417053142223753
0.864276285585973
0.6842110236462853
0.7110962579158904
0.5810166065605078
0.6681786757870817
0.7132832180867752
0.6260543628827313
0.8605957346371417
0.8558744953512478
0.858425224240784
0.865328497937697
0.880520693407291
0.9123642002046116
0.9625908728857302
0.5781867569193274
0.9011466830726639
0.4929320563084685
0.800256518401788
0.81565655542847
0.6191110106070534
0.6675402994275517
0.6785923904788305
0.7410421722858179
0.9144910201166301
0.7136615711956472
0.9103057159155785
0.9193043490772328
0.8945684135701536
0.8801344833485863
0.8840946045981961
0.8622011227770338
0.8490507687281502
0.7615376367074865
0.6616068190905611
0.7843947311996623
0.6822754933490582
0.7650547252062145
0.5589755440053166
0.6309747534000114
0.689718324030897
1.0
0.9735861223471949
0.8490844836831012
0.16990255648813007
0.9094695433219676
0.9048240161668897
0.24787063453758434
0.3298648986709576
0.3298648986709576
1.0
0.79943314345469
0.8121264201678207
0.306944892300063
0.7205056813912938
0.6689933886714748
0.19262403194323088
0.8088254246484654
0.7773492467906872
0.7043741602606799
0.6128585477707171
0.6320960570717788
0.37726837091656235
0.3768061516484593
0.3752707276484549
1.0
0.9138871969643712
0.9248877796080859
0.75
0.6703449453469056
0.6703449453469056
0.84168034603241
1.0
0.6643758478370513
0.5544791295654501
0.3619287651701377
0.5814323284451404
0.8265512276997672
0.8739196699776253
0.8072169409790845
0.7612243509394271
0.6607524747944187
0.6827948556416221
0.7969490110135393
0.8001702249860442
0.8726562043468219
0.24014429297631273
0.25922732029352313
0.8877433687080379
0.9222409566449055
0.905202249110507
0.946431730249306
1.0
0.9079475131152265
0.7813486528620632
0.636031882178778
0.898354985880897
0.90000626319772
1.0
0.7960289336263232
0.7550861425775554
0.7289689907210811
0.9491720434307414
0.9110333891230081
0.31942080221598596
0.4171557986297305
0.8284440664735666
0.24975199067982923
0.9109373710032376
0.9061323103944781
0.5568069239245352
0.5453098296176537
0.4729240038185327
0.6707439089900908
0.4999883705331404
0.7336023172236329
0.5959810505903835
0.8212303176801442
0.7415216929828047
0.745972540066544
0.7823020215875627
0.8756138846233169
0.7138157312662564
0.7178807044267728
0.7242428351194854
0.39169873315759896
0.8832829009993458
0.7772900278724941
0.75
0.479701208547359
0.5193986715923938
0.8824009655026845
0.8231559768311343
0.849779431739749
0.4826507371136371
0.5284996940466267
0.8196395423370171
0.08170451489076604
0.4162635838055865
0.4112055395845363
0.35585646837820767
0.33055999773413336
0.35599085208304326
0.8493744920316189
0.8609687348384203
0.8471342838153172
0.35439968081562817
0.8269541081850005
0.7524504537311395
0.45242427996514867
0.5831071141301802
0.5290465588375507
0.4408070925037695
0.4430362662167102
0.8335598333486858
0.31802456079272245
0.6007746024255707
0.6856563609395407
0.4323445889048686
0.7051437819679108
0.6426437819679108
0.5917587554528291
0.75
0.681826860447585
0.3456290188507812
0.31173124739569047
0.3442542685526486
0.0705259054145765
0.8177174060422495
0.8219061690627213
0.6050841531615861
0.8307701399959758
0.8864739694129489
0.5436881024273358
0.5957217105493415
0.5728689758041009
0.6729234468170722
0.8501043964419892
0.8522152247135603
0.8772771444844014
0.19535868313907417
0.8772771444844014
1.0
0.7382219071041316
0.8724023321556522
0.6599317222364065
0.7756567745384324
0.6907298663952233
0.47165438369848534
0.5677402614169272
0.8107533848330493
0.2903361397886164
0.1254887822079246
0.8205021101606843
0.2861089467596962
0.9680149955071021
0.9354363828907012
0.9267323720451696
0.973104728079166
0.973104728079166
0.8483132696609146
0.7570868264607629
0.789036003095134
0.5069163100685121
0.7319911881913762
0.9066432568149391
0.9247852404615688
0.9584681184551294
0.8688893194482381
1.0
0.9465561816702601
0.9347262564615384
0.6792969966377267
0.7184424878257806
0.6715055604095054
0.8894933286696542
0.9034034987330102
0.9107984227244224
0.5686072280620861
0.8948394157706578
0.7904509196857848
0.9538162399579581
1.0
0.9620123469735404
0.46530759348095996
0.75
0.5277036386907216
0.5456207489480742
0.518670396874984
0.518670396874984
0.8930945789866604
0.8754058857578214
0.8634871250491601
0.34305546913757556
0.8471779943293898
0.7941669533355039
0.5434647104732687
0.5434647104732687
0.5434647104732687
0.3212127247612808
0.9072547851613966
0.8547447736741138
0.780761211731663
0.8193679190176655
1.0
0.6777985764330391
0.38465565290569004
0.6275548005847531
0.5566861929561223
0.9322440829194778
1.0
1.0
0.9116581897467865
0.9450740149734432
0.12402880158504542
0.6627288643831679
0.6719398938322636
0.11665871196731006
0.6307444253013157
0.5794623049567823
0.9402638838364518
0.9420269911770649
0.7882069745393644
0.9447702635132079
0.9522490959049859
0.9213352119560391
0.6945131067190744
0.7071934900787005
0.6945879214127917
0.888722915055231
0.8740229029058147
0.865677540021413
0.28360755633911783
0.2632632749954663
0.6025538551630286
0.8926306655407119
0.8666623672558617
0.9081692389092111
0.8109790437674089
1.0
0.9629231402656495
0.8940647075927417
0.865695054809829
0.900471351453565
0.5558327837876181
0.8491097086832526
0.48933891315726036
1.0
0.9211538229728686
0.8120582418283624
1.0
0.978276291552334
0.8563013624242087
0.9366724893776617
0.9367338482272095
0.8955047677829515
0.9480663598860986
0.6324274401455416
0.7786717250844075
0.6104369203280193
0.7374280818286708
0.8821505643691678
0.7293438077933717
0.8348214830194184
0.894573933279645
0.9584260936439035
0.9359335498246866
0.9359335498246866
0.9382481825165082
0.5620587777310777
0.9332332741968897
0.8915258122285714
0.8989324768677369
0.8630428903273257
0.8668488700371595
0.6816613206791372
0.8411079168553375
0.7497432173122147
0.41072743262108397
0.7292795846942141
0.6744068039277872
0.6130486961889058
0.75
0.6517706186024315
0.6553154930757707
0.6579407003783481
0.38996580395141667
0.45022458503916873
0.49032764524887296
0.75
0.6127127848337012
0.5533957770330444
0.8070165897977991
0.8199663127228907
0.9615037246248932
0.870574235572598
0.885637711498279
0.8629436949700933
0.9367636264524735
0.5551725878279823
0.9295737321263533
0.9245405044721233
0.8801704259321075
0.9453991654052797
0.3619239638734764
0.8928738105591116
0.3731953092848578
0.6443405746068951
0.9762381413756795
0.6459968307170022
0.9155368327177278
0.8537992842316717
0.8012968364824126
0.817809986455871
0.7769769755291653
1.0
0.3116133610394242
0.7341912442556102
0.7437313696059951
0.7549020720993802
0.7531125119088053
0.8648565966157058
0.7332825766814692
0.8501188944003606
0.9305952479045143
0.43580697775613386
0.5332607881573819
0.18273502020076215
0.3516640031415438
0.879741240508509
1.0
0.8065874197920689
1.0
0.798952064075021
0.5724704093961764
0.5712748588754533
0.5742931342045366
0.8373253494425947
0.8026572592474438
0.7263151771917775
0.8528114718061415
0.8409391674876616
0.6628805980686607
0.6716890350478136
0.7171700564205529
0.6847079916405088
1.0
0.8238681804577078
0.8404383181433057
0.75
0.7007888328224077
0.6821965288257765
0.7180380037573408
0.7693890866637646
0.8401444823139655
0.8889961833502964
0.9035515134006238
0.8761733818394342
0.6483797226712371
0.6315434655575891
0.7425416238598861
0.3934674603777767
1.0
0.8955093392511362
0.6893874467690453
0.6998477417519648
0.6662917638814292
0.7422339309195936
0.764885469395284
0.7454345369479645
0.9885373053365494
0.9150895818446313
1.0
0.851696099266314
0.8042678142674007
0.4867925248003819
0.10961050946944352
0.6439724494211387
0.6433342107049473
0.949971376708992
0.9422779051037762
0.9520041967196322
0.6094137683592327
0.9360917139121601
0.915242905425639
0.21609039892049675
0.9372469358722846
0.7990801853335114
0.7931245644880177
0.8091823907312288
0.7494963046596496
0.1327371242188972
0.6874203107991362
0.6397223853272755
0.8479312511854165
0.7118998006726858
0.776848232383363
0.2161306032163145
0.24314392779117047
0.9689383415646592
0.8052112605711604
0.8767886495430635
0.7197353342385854
0.22159254136505707
0.5270540430731379
0.5314194220985424
1.0
0.92777201474668
0.9246028257094878
0.7390887908497391
0.7288740601449498
0.7003862982995329
0.5199432864969078
0.4262604480691704
0.44538109705892226
0.412615211847396
1.0
0.9362283527952077
0.8106585370154485
0.9610715707468112
0.9506421144567411
0.7280278085251018
0.6579951760728908
0.7264588357073684
0.3705386283735421
0.2355290074580027
0.5439558361536478
0.75
0.5407921318143964
0.6285219843468108
1.0
0.9768034105524294
0.9302194280965552
0.6573890831343939
0.7302122548324893
0.9270685684295843
0.5072988339466175
0.5268508570797984
0.9088867600241539
0.6406936587335889
0.6429503847158888
0.6744470274630032
0.43127469884801506
0.4735090074759706
0.8187380397606364
0.6879795776902946
0.8680479493703209
0.9194141425914735
0.9303897350784798
1.0
0.9303897350784798
0.445871466544866
0.44948716020616336
0.44822771027801733
0.25892312497816844
0.7477454231922052
0.870182354877109
0.9327833308227091
0.25093140985508905
0.8099923973962413
0.9874533756476687
0.9368280773955976
1.0
0.9379942163327106
0.9412125378051501
0.9130367406120927
0.75
0.511168982376428
0.4923066871939486
0.511168982376428
0.75
0.5119465297012609
0.6122685297636525
0.8757906887060418
0.8599785975564924
0.9335376720978269
1.0
0.9323838452647104
0.9491833709691526
1.0
0.9360648568580575
0.9129953600065798
0.8900801797437301
0.8835051622592618
0.8460134408204091
0.7541574246687197
0.8227237936627015
0.9272089943665953
0.6233452960304537
1.0
0.8292748361021041
0.710160249370849
0.40098843649595706
0.7709356084732353
0.7683500281254211
0.7769322948486453
0.26369160600780883
0.9777856414176236
1.0
0.825899372071608
0.844199710234009
0.8293845501808484
0.13002211057078658
0.964449987177083
0.9823065172163193
0.47380192686249867
0.6689482945416518
0.6830780594558695
0.9832809014834889
0.9454751490535167
0.9403512768310623
0.9531458685976267
1.0
0.8983558782544995
0.880341383811682
0.9082326908260963
0.5843778019981176
0.75
0.5444364954926946
0.6422355993054534
0.11357571364850222
0.5786856273574543
0.8301854905911983
0.9236255226494947
0.955852548283153
0.9412725302555912
0.7898269485625228
0.9150818679775551
0.9334585551734575
0.735131896627651
0.8836480296829412
0.8632703424282125
0.5708196876896444
0.5917551651115497
0.6321425136665563
0.9196754583975564
0.9160971390885695
0.9160971390885695
1.0
0.9518502900326031
0.6489309494554257
0.5948254183763214
0.4866876727830832
0.601425187130803
1.0
0.9127972373044282
0.8797465569210015
0.35942129756492625
0.75
0.34207626283415093
1.0
0.7374279337047673
0.8760810825714308
0.31101149439573045
0.8500361859607662
1.0
0.8901702457167256
0.8565994960011853
0.901702181197573
0.8463769125957679
0.8347789269594517
0.8970281581962416
1.0
0.9365757853240805
0.9301022253681723
1.0
0.8964523055256173
0.6291441866817703
1.0
0.8311010784255731
0.7945560226782389
0.2769165226805536
0.8230693568776241
0.8308747293309157
0.12289957524914383
0.379955326529568
0.41030015328831027
0.9680149955071021
0.7768635910161846
0.9680149955071021
0.8762634685014535
0.8899433361241905
0.9334230638288827
0.6454894710533766
0.6642423046651046
0.6826448193567067
0.5657922931666622
0.5714375799355955
0.6119134460229378
0.9004294224365403
0.8847742248730487
0.9004294224365403
1.0
0.9111995287138213
0.8995235853774837
0.704521102260206
0.7110771228957768
0.6873354599600574
0.32302874047661434
0.3068529039759501
0.3057312770093653
0.5413782420801176
0.6897886415418306
0.6823514154402892
0.24560844925119332
0.2558539633254746
0.5626663419533493
0.45172681618851335
0.892470658951747
0.886065631085012
0.6806118866236803
0.6806118866236803
0.7876932091027542
0.5189863485814988
0.4837963216981788
0.46070340102981633
0.40728788860172055
0.45135667505841204
0.671421572037654
0.6304428323689222
0.7136035615509614
0.7992521131508827
1.0
0.8305069072547325
0.8136440395603662
0.555039506385179
0.5679474850441584
0.5560427231393964
0.9599042183364113
0.9079111037480951
0.9048882857394108
0.42676516814005266
0.7132633471735148
0.667980101278695
0.40067846241326743
0.55644215922991
0.8442307460497918
0.8944859607812623
0.9375068935720188
0.8636906411650258
0.32316757339911867
0.6842853883187352
0.6208226450391463
0.6488760103685666
0.7446570217859552
0.5891847451486283
0.28178074689271
1.0
0.8818992825063595
0.5064531612355525
0.6216970924530463
0.7956113706948826
0.6436429183205339
0.40233139598874734
0.6227400363809965
0.75
0.6646334889431702
0.7175981641954869
0.41959763343288037
0.47011481997834736
0.4772721770532168
0.12410422673021906
0.38744615788450076
0.365246106102159
0.8697487161374344
0.8642968655094067
0.8551585728724174
0.7480439045218654
0.8991766538760202
0.7230423037433765
0.41511910995406126
0.7334014366137238
0.7471551922665475
1.0
0.9468772911097537
0.95325330128724
0.9367698057253393
0.9237757400543833
0.9199889857502977
0.8852792093734524
0.869049960931698
0.887687749606241
0.9310576903329555
0.9310004923299333
0.752281923807336
0.8823535077166078
0.9150706969349964
0.8818707080779995
0.46103618092351883
0.520907592621018
0.6851529636943311
0.5124853000627535
0.5124853000627535
0.3763920401763776
0.016410816829632413
0.7693545745025847
0.9008181856183024
0.75
0.681826860447585
0.5215856490430947
0.47924110938594144
0.8472858597734538
0.8003700331893681
0.8052768220819162
0.6992526516380583
0.6922098736624631
0.75
0.37186776451360104
0.6071439976570037
0.4582824869733672
0.5061137660711799
0.47433134191951254
0.20437423453750728
0.9752478441374766
0.4678137564919109
0.75
0.5215856490430947
0.5215856490430947
1.0
0.713753647376093
0.9313477953452436
1.0
0.24813629040764043
0.9460622018916107
0.6073298137139473
0.5938983921855279
0.5625596496345557
0.9127927227932007
0.5436555053439613
0.39075130600209274
0.45779143352676377
0.681826860447585
0.75
0.8613173246203606
0.8342644831613419
0.8309424663969781
0.9438455796253725
0.9393322631153975
0.9416486450127877
0.7237977677160962
0.7801578616432318
0.7967059306248737
0.8884395686605612
0.6175637676215419
0.8801243633755116
0.7017860490381881
0.6352638217107194
0.7017860490381881
0.6828933158440111
0.8721912752855552
0.8483414663181316
0.5898906895740191
0.5936684016209107
0.6137404985414427
0.899949426421547
0.9197081043216082
0.8990999214579125
0.9307575623719286
0.8398917722256708
0.9408680129025153
1.0
0.7488026795238933
0.9112936953176888
0.1445402689134303
0.9452950525295924
0.9323771141592149
0.945619255548803
0.9390061748872739
0.9159408004214374
0.672618896900967
0.5626225476099415
0.5610173052856559
1.0
0.9846763215096996
0.8908672473901618
0.35215522625118084
0.8326914424695806
0.7842898747438478
0.6188434568624575
0.75
0.48266679464210294
0.7750854536035661
0.6913304541858079
0.6913304541858079
0.9510833440779793
0.9381387781925489
0.917501331653142
0.9023339160361546
0.9023339160361546
0.8850517190866386
1.0
0.8264260081170725
0.994378431677428
0.41845282765558994
0.45069798685946166
0.4727273738853709
0.8342250303383337
0.811497757611061
0.5678508254152013
0.8210323140051368
0.873573195312208
0.8479563412591209
0.9647547042922295
0.9027691821704724
0.9549538453722959
0.9018563679122111
0.8701154317921309
0.9167065161476105
0.11563168237515162
0.6459147539625129
0.849460584991146
0.7459641043952705
0.7922631572474541
0.7769102756971062
0.7277332134944308
0.8127215964482377
0.7128581688640354
0.5541126170032113
0.5069248946638444
0.48207766521417017
0.19053539824294213
0.6618927016896374
0.6472432445680186
0.5908033587068955
0.5908033587068955
0.5533371208242777
0.4333051822455462
0.9761243903408761
0.574992981953022
0.8276701376531882
0.7604726849651984
0.7476160882279663
0.8773339197134895
0.8706885145669743
0.8112579683005929
0.18849811254114482
0.7629565613476157
0.7936325886199618
0.41339827287348896
0.8245523545281073
0.7678541393254137
0.5881621853004788
0.6757486821615974
0.5682316022336517
0.4653747433275849
0.5144018555482339
0.4657009496651321
0.8105305718886321
0.12473551470776868
0.8354298040303428
0.9680939611572492
0.9680939611572492
0.8695099076376513
0.8687074353636639
0.8198631157657681
0.8801246909727415
0.8296727366127228
0.8384908267553333
0.871920839518135
0.9210073860175249
0.8498099540174426
0.9190460674487606
0.82333848396235
0.8123628885605453
0.9303650116303095
0.8511619859702826
0.8676222466931547
0.8217401446928472
0.3271720695461878
0.8947188608202741
0.9248181222192176
0.89440958229618
0.8511149349207839
0.8269706240047789
0.6581407949565874
1.0
0.8999271383502354
0.9712107310961793
1.0
0.9162409473295619
0.13307510001911904
1.0
0.7904873670107244
0.861078433852183
0.8431489560720826
0.9383417501502728
0.3010273192174355
0.6520399754183179
0.35230688106645847
0.8916892542573425
0.9024678917735048
0.801169732290238
0.9389386919159648
0.9330189669212838
0.9336715722495924
0.8556717085682202
0.8084500773028724
0.8312561310135987
0.75
0.5232463323210061
0.5075238218405795
0.9628509048565003
1.0
0.89200571002863
0.7921081567888862
0.7683884805612626
0.8094577044912602
0.4392523743706285
0.46727620678752313
0.4680772904847943
0.9159558041213173
0.9022663209623328
0.8756658071508036
0.9179098294898985
0.7294780603523955
0.9012837995947949
0.8924497972754253
0.8605174010379668
0.8590121053973021
0.9176717762948298
0.9339397469813748
0.9122153764737133
0.46132968645146233
0.6445223539395651
0.642749070192628
0.5164434782639493
0.5258062225500997
0.4835274693658543
1.0
0.9527298115046557
0.797897711085418
0.6803945327212979
0.8267151491618114
0.6992066219466713
0.43478465951448647
0.9771252743081857
0.9408458722493153
0.9163827811204013
0.9339214505446907
0.7224598483964534
0.9688936113657038
0.9121431637902858
0.9294034121980144
0.28386564459301084
0.2862094201683029
0.266264553392285
0.9180089649841375
0.8757015292373643
0.9180089649841375
0.4597252302827437
0.47232884818055304
0.9238723673174747
1.0
0.8391530883787082
0.5837502101011169
0.49364821802332537
0.4659938999408275
1.0
0.8119801901602985
0.7677032997623028
0.8155209004879044
0.20122633490013758
0.6806763857920485
0.71749061102546
1.0
0.81884927406828
0.954606196571745
0.834442840250909
0.8901967933831988
0.9300381813305691
0.7964051170182433
0.6914599075299128
0.49125225003039213
0.7606860854863845
0.7887329631957917
0.8566179474004451
1.0
0.9269131423245339
0.7993084928270379
0.8175143777056293
0.8141889811274051
0.8558925859118713
0.3481384136158593
0.7463888708013957
0.7188983598018382
0.5760483685158152
0.36594061556390195
0.75
0.9228189696871886
0.9214447940637142
0.9056229637748299
0.07383611979610076
0.8841382522609503
0.8818771038494383
0.6000206937527351
0.8598723988160175
0.8332787010790578
0.6826512147755249
0.5730477832539344
0.75
0.4787299236092342
0.5538281784046987
0.5316073139756565
0.6633126376019717
0.8380464740525019
0.849807997794039
1.0
0.8636114711146788
0.8958850982755759
0.818344864087239
0.864577103526249
0.8410721368145118
0.6429849049246898
0.4583952554356513
0.5203030862291402
0.5906083490076363
0.8514223468270086
0.8480328371768049
0.438675916652379
0.4319927458200612
0.408411945851904
0.8458406854006341
0.8876814432129561
0.9920426294816613
0.7094829110718355
0.5232057679538608
0.9337785310811546
0.6311485232349383
0.626328419495309
0.6842148113539068
0.4633328232945826
0.4165448005416951
0.46396717072725124
0.2968305673320347
0.26484626929388955
0.9148042934652864
0.934943326395711
0.7159521963513167
0.9178375394459202
0.9367165226420721
0.9251139867078374
0.9216544096574801
0.680495160129462
0.6814654603904006
0.6751237721031962
0.6083883265166673
0.6119833098274255
0.6171282058948815
0.7562124459147013
0.6108815641739397
0.8142772994008005
0.8547153238751646
0.6177393467826907
0.7572917851335297
1.0
0.7503747411051993
0.9476072345060372
0.5176719733595327
0.7381720306560482
0.8451154104877627
0.9400123787404946
0.7482798403673504
0.8984511760380034
0.2654011295223356
0.2078940873244683
0.2628370568714775
0.43581407091113233
0.5238127764077278
0.5213674522660996
0.9201242980171118
0.896898653066209
0.8817803790989405
0.8623282139307661
1.0
0.822654175661206
0.8487446046358156
0.6387801648175007
0.7466993059385537
0.7473765744030451
0.8564095677605101
0.7565722713973279
0.0839935686720876
1.0
0.24299589691464965
0.856604734351197
0.8293899146919526
0.8391953884683562
0.8563746667233388
0.7712398961564535
0.8212038086404739
0.6465337929982338
0.6454673797425452
0.6412935945517872
0.5437715249174094
0.4025277863015507
0.4960401912234972
0.5632118169058917
0.6517295359335316
0.49419098117373106
0.8467274818162918
0.8402721538667932
0.8303108920426665
0.7466320485701289
0.6892825501234958
1.0
0.9497618879564247
0.84175057380383
0.8912696684098427
0.8374305103538993
0.8094447800912035
0.7835827111256863
0.8943215981915015
0.878793455744894
0.9155729470878927
0.8977752268966384
0.865427024482063
0.8726254961086222
0.940309726817039
0.9553575033276615
0.8418455697001548
0.9866214502056678
1.0
0.9240863564663478
1.0
0.4338760239559717
0.2604281151481016
0.6274065317211435
0.8846464151725523
0.8844533335205477
0.6912896804474566
0.75
0.6883688213901841
0.5107481553761299
1.0
0.7772322136242807
0.769593508504151
0.8197491795443734
0.8962872269893816
0.8521791725303383
0.37701527535441537
0.6919330826835357
0.8358687855363606
0.30551733437383566
0.7694746259881442
0.760412939551861
0.6621977124383255
0.7610977908319223
0.2519872271277434
0.7099258615130113
0.5500852165115047
0.6115687595375765
0.6512621057820467
0.7886852188364604
0.75
0.5152780817106316
0.5187208152830015
0.853440690668999
0.661294995757077
0.6583339375590156
0.8275865605675079
0.9284803609965866
0.9004829611127416
0.8782693887842807
0.7431423918361453
0.8953488478415003
0.3100102095073711
0.5794486664236443
0.8259026118027564
0.8698734819910632
0.911462113709877
0.46472089569582864
0.30622075871273685
0.467704421627485
0.5301736175641223
0.2530095633492718
1.0
0.8716743596140076
0.8851723117460064
0.9212994203590031
0.9048540004696557
0.8935036548542146
0.8890962886046752
0.8913918630038149
0.43744241870574474
0.3481158121495733
0.3437434501521929
0.813697054734658
0.8184476109890926
0.8184476109890926
0.8931029997705672
0.8931029997705672
0.8787743101145759
0.9370492331295597
0.917210651953797
0.9805274939991249
0.8962852460483449
0.9170676068096394
0.9027894618487963
0.22550877503947805
0.8222307035189131
0.7667092312863097
0.9187096263506596
0.8889805185100729
0.8531126694883708
0.7881885562747254
0.8322461536360315
0.8843102508244943
1.0
0.882373877372011
0.19900341437465052
0.31005737698771624
0.7353184588964828
0.7387365095331507
0.6568200212067028
0.8726668304113997
0.8664144885601491
1.0
0.9473520143876262
0.9013961628615734
0.8931567901506802
0.9139795607602218
0.933780292089261
0.8660074362137397
0.8676051478799076
0.7837090854289686
0.8891077660732764
0.8400641244141049
0.9432776674057908
0.6030350545608933
0.5405350545608933
0.6038845227285251
0.663355388620753
0.41901964584390816
0.7703748918777921
0.7913040005662074
0.5200991467054651
0.7745093657645116
0.4361602359496878
0.9603875359008048
1.0
0.10101774658863924
0.6801286490415227
0.666541774441407
0.8537874459033554
0.8063625014548591
0.8242528364792483
1.0
0.42460937372181906
0.9060688905719254
0.4512249805087726
1.0
0.7812296509796806
0.883163845585828
0.8793786451085001
0.8851185119952566
0.6062460905251146
0.5919778799112204
0.6964815120126788
0.823363053011126
0.7999608744864788
0.8055442346207194
0.23352069577426782
0.535517123144175
0.7081099389684116
0.134854413575272
0.822454869218128
0.7898732090662212
0.9307512615112263
1.0
0.9125614418100954
0.8067970730885378
0.7250397400025755
0.76902038020968
0.9056418983892276
0.9340718950473323
0.891736602821315
0.9598708407443753
0.8542649013404002
0.9376218738776815
0.8169395053389483
0.5894210645490069
0.8011707085585488
0.462859730611235
0.46160658067361315
0.4738632808655906
0.8207295245582648
0.8276402130746263
0.8285027954105865
1.0
0.6782219539263927
0.5062656147483962
0.17447271911758497
0.6956803346074597
0.8688751717586968
0.1261981652998033
0.8854587241450719
0.8967600906688676
0.9070412123586794
0.8624784047493059
0.7237329201165926
0.8483420145936518
0.7289233351701793
0.849551769166729
0.7628243008769402
0.6633372048851595
0.9000753136826081
0.40958081615353437
0.5284572653950839
0.4458060671635477
0.6079425554964477
0.6164006774486789
0.597011012428397
0.6499547582189318
0.7520090218923425
1.0
0.3463997590547276
0.6655368210353538
0.6934845380248946
0.4458823379719109
0.5119465297012609
0.4315162573553819
0.7467892124782307
0.9127888815867178
0.9055748788909372
0.8804853313441099
0.3851592926925131
0.6966774410828053
0.9273232628106014
0.9379308912301602
0.9390745170287027
0.8943424772104771
0.8412815675560621
0.8598836598843723
0.9541801582090617
0.9035962600396568
0.9514324160836141
0.7634379124946611
0.6756391542074037
0.6716855338022739
0.8454405479653951
0.840911186447193
0.8365621321878203
0.9567320885897268
0.764277565684405
0.7750844088371072
0.8695552392280053
0.6412079401251123
0.7287939517238736
0.6866695873240571
0.5955501162230808
0.5333216595550553
0.7544836295865652
0.7319949793581549
0.7031455562477056
0.4902862721058199
0.4833427828828304
0.6450561583408806
0.4691925868612374
0.40638668204081013
0.75
0.20102753283225328
0.790870853275845
0.8275228805882147
0.7926283218442183
0.6545964030547784
0.7578228705953169
0.5237104181963079
0.8845643643877228
0.9045452057064249
0.2972138788004061
0.4490424343223143
0.5005743704686314
0.34770695666738943
0.9242751232506741
0.6902223421118946
0.5326068053526603
0.6250946986086481
0.6791651600535458
0.8049969170510868
1.0
0.4943132720025466
0.9830081544000386
0.9176554457932503
0.9699492109132508
1.0
0.7524333273557238
0.9152446001219898
0.5775570774141302
0.5602210966660247
0.5328571072317618
0.7993773483638855
0.8601528449501513
0.8373342730231762
0.15638512177532293
0.14118832340009563
0.1509974972654594
0.8531886210089789
0.8635499686449802
0.9514148154345503
0.9651972181026913
1.0
0.9651972181026913
0.5176795480945223
0.9086091139203292
0.9292415748053908
0.75
0.6430739487648429
0.5795542126496742
0.2449908737917939
0.8068223856581147
0.7587298869974259
0.8484354277902258
0.7823825551499394
0.7983021997824897
0.6103844058125071
0.6132124345324838
0.6281126941718296
0.75279865269729
0.16545393413288279
0.8582808651221514
0.9654294919292857
0.9193704538694066
0.8794448617250961
0.8406796870629172
0.6224395818952023
0.8241709121243346
0.7356918606262678
0.8157837206507365
0.8050768469696633
1.0
0.9443783195732547
0.6314692759559197
0.17311798849166687
0.2525913379889805
0.8018942787252552
0.9360460460029298
0.930740930763435
0.930740930763435
0.9119317993030095
0.8931599300500633
0.8814173154560027
0.6833034777060516
0.7550718502710528
0.8738195062091537
0.23999694065680824
0.17752301120391006
0.7727876803140925
0.8160346288967477
0.7390033449445068
0.7462175183093069
0.75
0.5751696243253546
0.6387456572061002
0.3053425404243961
0.5527220779714579
0.5167501310611431
0.938047126250552
1.0
0.9686257293927362
0.8491400320300267
0.8666157567588818
0.8491389118287135
1.0
0.66223112129161
0.8371301758652204
0.7299954912990932
0.953547883754425
0.7056610314135545
0.6577538839469796
0.7456779550749758
0.6577538839469796
0.8338772964444808
0.8012569316087418
0.7838372277050873
1.0
0.9039627547723313
0.8795442225546386
0.7838896108393775
1.0
0.8559555898716581
0.20401047901672148
0.6541024225195093
0.814838543897314
0.8994710077646549
0.895786843310972
0.8994710077646549
0.165456923340143
0.6111340269196849
0.7507665363300479
0.8364874180859212
0.848284604305107
0.8754830033118696
0.797267083291446
0.8393252822660873
0.8118805216787809
0.8288478054525539
0.783059777103037
0.765473428101316
0.41598956598202036
0.837756823944686
0.8247993034682123
0.3395174740463816
0.47932165000735694
0.7753796731504194
0.8579919378320747
0.8670171358177821
0.9765048477544294
0.04744461499215171
0.8909023038134433
0.8271827479865289
0.9763165555950989
0.9678719443698739
0.9638558653455302
0.511425077632581
0.584406555669798
0.511425077632581
0.9223731692469496
0.9312394728948866
0.9067100457951515
0.9487592304626057
0.9582759003652532
0.9048921611218365
0.25768549670099244
0.7267083802985769
0.7272722885992656
0.92366336260516
1.0
0.5032796443942322
0.13284101630192763
0.40158380181242737
0.7455890402710549
0.5479473432773041
0.7733571902802913
0.5253066486780983
0.7771254328344883
0.799256590424136
0.8002886367295758
0.6726949124411719
0.6154480014943098
0.6449782650110152
0.8262493043596395
0.7700868267623355
0.7778798584136983
0.5500191838093436
0.7813782716949678
0.7110440219611323
0.53972312821814
0.9752478441374766
0.4871454412511095
0.680124644769305
0.7236069697454464
0.8020042451319321
0.12966186284721173
0.8883409365825404
0.883279149144007
0.6638314505066848
0.6371026751362773
0.8892245663304492
0.45900943103008063
0.561497757611061
0.3882970494918012
0.7909413044948007
0.9006203516755207
0.9006211441816883
1.0
0.8649189529494405
0.8530864085331851
0.75
0.3317396191605532
0.3347584913941471
0.4865573952864499
0.4744892599127184
0.4562410171927807
0.9793876376422684
0.3749722781118404
0.8079393867818794
0.9568797621538933
0.9416136792946896
0.7306773011346822
0.921253175564078
1.0
0.9478154250133746
0.4490397880253699
0.5483508657336482
0.7231713722969618
1.0
0.9384676767813365
0.9506278762198552
1.0
0.9459031976633442
0.9459031976633442
0.7008196724585651
0.6066074355876587
0.5756635765432645
0.3557757424786857
0.7855019898565438
0.3618957435468696
0.6101074392081987
0.5388756506326273
0.579632688810728
0.6857906041987651
0.6490355139899903
0.640698295889835
0.7796134665690266
0.8154687794453566
0.783443152295918
0.8001765050053488
0.5502106627477412
0.8144838861298689
0.9205093608849264
0.9669174014316686
0.8774899546994865
1.0
0.9216032372736287
0.9216032372736287
0.7457093637442034
0.5514839889979334
0.8978995303480032
0.7574142078636461
0.11806312852270895
0.7313852844300646
1.0
0.955034716381258
0.9474355818080371
0.2573044873275851
0.7671591524967257
0.8860105391602295
0.7164911208830156
0.5075726032766362
0.8355901027429471
0.7541408858017992
0.4099650095191789
0.7467339675239527
0.8463923231357879
0.8550352095384787
0.8180935493543596
1.0
0.974455162548299
0.9248455563806128
0.8104028794400939
0.8787571944714119
0.7604362653594908
0.5634380562736518
0.7471760823105372
0.7204223705105584
0.6494531493436038
0.5061669880522679
0.6287770566428856
0.6510738430546811
0.6733193773400695
0.6835356080809308
0.10810483210562197
0.8472578594646718
0.8472578594646718
0.8385795369414217
0.8207673188287005
1.0
0.833334827929044
0.8267524396646532
0.8002626606297151
0.9627883295501758
0.9857506964019606
0.7646825310397165
0.770341121072635
0.6565882690780619
0.5483795625177607
0.26870396787091766
0.5008024344186119
0.6588006730653668
1.0
0.8148585792721565
0.9462068595201528
0.8454510904248665
0.5987166674889701
0.8159861193134911
0.7835994443576582
0.6610310923331124
0.8535895575623432
0.8575294266536602
0.8767291004081894
0.8418522075873558
0.8839398899054537
0.8839398899054537
0.9239832548776318
0.7571931987150158
0.8348174305789442
0.5739676169148883
0.9752539148003966
0.8450426254220826
0.8721670487097885
0.08961756422554781
1.0
0.8930792109024694
0.8354675090357381
1.0
0.8225358832287096
0.9180561672282646
0.9039593004135265
0.9045193115671182
1.0
0.6185252884482892
0.9091181982574953
0.9007848387621843
0.8884921571421871
0.8154637054459033
0.8612639567297135
0.9456073186812242
0.8635034870539069
0.626438048241525
1.0
0.5711916740636206
0.606131154581678
0.7722249891991184
0.6099748536818043
0.8323052512188802
0.8323052512188802
0.8323052512188802
1.0
0.8713276449738223
0.8818397019371773
0.5336368040784143
0.5354044862605263
0.5430795492905105
1.0
0.8882091582139151
0.8642009387815625
0.8395593934113383
0.8395593934113383
0.8299471449232572
0.8374062885832705
0.705632878823967
0.6290855140408063
0.16915710661779249
0.9623514420118003
0.9361106412188086
0.6627887210672415
0.7869647764667589
0.7571930409634863
1.0
0.8090245841109047
0.8090245841109047
1.0
0.8278420551093598
0.9306455445274284
0.6448091262207654
0.9245289231480115
0.2229076144507283
0.725925105840324
1.0
0.8642389355585404
0.7708768302219471
0.7778965059583687
0.7722748237248392
0.9130144469932407
0.7096718419054018
0.5734405398167022
0.7272086963270382
0.8932753802367153
0.945133704469858
1.0
0.8369415692486497
0.9544440865007193
0.9122930233988598
0.9041894873311402
0.9081593387452125
0.4073408129209224
0.5560972903440838
0.8914155933251047
0.8799157178447722
0.3505084249084787
0.6379021863303069
0.5528729691291939
0.986338386984399
0.9460018051735931
0.8278661235529572
0.8593085538319111
0.7823389982065504
0.7875339304935444
0.9045884619674768
0.8599002803056015
0.9453843142229201
0.8588102739435863
0.8733908149954669
0.48574560654874105
0.9887568633548559
0.8675918152611498
0.4811261376964442
0.341756431338029
0.515081894572128
0.9407951698471513
0.9407951698471513
0.9407951698471513
0.8159801980145635
0.8230024744106089
0.7801011237544874
0.26091301611888806
0.5068520011716046
0.30024108210817313
0.6388297258868998
0.6369644489188595
0.8050949194591781
0.8530552879621683
1.0
0.7656613451730121
0.6618019920162426
0.46389421219583726
0.18234858565832773
0.33426802910197495
0.33487774814698157
0.8262458492495739
0.46707832826302664
0.451205975363961
0.5064022851176997
0.6763513147224611
0.6752237549934054
0.6792656978642536
0.9163253501921131
0.9233684654019754
0.916380460524184
0.8846268806306051
0.8302436871170668
0.8954994420831436
0.6471040073200578
0.6029796055694245
0.6454514630542887
0.809815046255552
0.7557983707956601
0.7022347672324152
0.7768027816931355
0.8240159305726116
0.7084326523903366
0.9472077470475784
0.8782258790326731
0.8713957105072734
0.6018814839843075
0.7777719662455939
0.7194228754678216
0.9624899174959078
0.9502558779257163
0.991287780536602
0.6660474118563284
0.6881119546912892
0.6787567516187709
0.4153756664332313
1.0
0.8506175251037922
0.7821520962123516
0.8141913284562843
0.741434567474099
0.18481634367756006
0.17003250391562086
1.0
0.49881075458302704
0.49995372405815075
0.6054333750138408
0.9073025098365385
0.9236562795392479
0.8891774503958164
1.0
0.8882091582139151
0.9549730768149712
0.9438028783978646
0.8928211415777793
0.9282477512094566
0.3157343480907111
0.4642568953714947
0.8551158348772325
1.0
0.39069495215770783
0.7665168007257308
0.656121496356184
0.8305872212627212
0.8543036911784532
0.9723245975024615
0.831783958555391
0.9490142277693367
0.5289967459326963
0.7159480140811536
0.7520072306487418
0.8669242238989153
0.7915153693323381
0.857869199938283
0.75
0.47857527500319164
0.5794764980853422
0.841881489492514
0.5793623925342746
0.768924485418608
0.9032583837138134
0.8063289565279574
1.0
0.44685229921663333
0.5984027919537999
0.75
0.8030999980358698
0.8541576850717973
0.4643123622820748
1.0
0.8681934983956332
0.8288381093657082
0.917375800731653
0.9201596936498435
0.7496552533198684
0.18693990904882463
0.9666000185040569
0.956406286571027
0.22275007332840646
0.8013687921401591
0.747061312439697
0.8020288436720528
0.7986591319589595
0.7584525894991715
0.7685851505712407
0.600041310694632
0.8755137861492409
0.9049473355346794
0.6672394100474509
0.9111898354015756
0.7275420563885845
0.7608702056691883
0.7465133213680617
0.17366235267054433
0.6995030437960581
0.8724713556680281
0.5185698855001372
0.5590780303207724
0.5735794502823016
1.0
0.7516363785725487
0.8096610061937858
0.8668936747055753
0.8832451796466343
0.8528039245785108
1.0
0.8646247509623506
0.6827088402249873
0.797517494958349
0.8026689342096449
0.797517494958349
0.8652995598752621
0.866295319224949
1.0
0.6383932389037003
0.640796893367763
0.650049747664329
0.49792287782168193
0.27141932521047557
0.43949338939041815
0.7226563841900471
0.34612145633266356
0.6847097641756639
0.2884546561879293
0.2502763794396999
0.7267375453873762
1.0
0.9341141606724439
0.9341141606724439
0.2867743129341494
0.5557115793868646
0.4118901059077924
1.0
0.6970181549316141
0.6568845983953331
0.4700103733236238
0.5034139137768403
0.5046657886300665
0.287655638041006
1.0
0.9175388133163703
0.5194975410351628
0.75
0.4731386752134703
0.8034639305329827
0.7408477819590671
0.8941163423356958
0.7019210235570286
0.7855423907873045
0.8075205392929319
0.2227701087905305
0.7355152350655841
0.329201472598875
1.0
0.9415349812174778
0.9926302854363667
0.6195450948837711
0.7189383415646592
0.7189383415646592
0.8316967858611778
0.7844289164993025
0.33145601458169416
0.4133646207668408
0.4326919867121237
0.4178558941603412
0.7715060884494217
0.6996112555849177
0.7960747670253608
0.9051809614643849
0.9288708360865913
0.8054919609297649
0.6702712910189274
0.8431550337861132
0.6702712910189274
0.5945097244580962
0.32462514493709027
0.9340030520663402
0.75
0.6260035151082675
0.6993439242539181
0.695111466519657
0.7306004718618856
0.75
0.3874022032361977
0.8096286621898002
0.7970559504595794
0.9682225648663414
0.8690037089499121
0.9239587805914603
0.5578616962779296
0.5629602872769653
0.7934080026095681
0.732954736512077
0.7418845157321021
0.7377363353348454
0.6813677543194268
0.9151515107976669
0.5418482522005903
0.7115187030773502
0.8360401902029189
0.6778382017073327
0.7988266362400803
0.6746040962884282
0.6698820454936696
0.18683561531438947
0.8458410626119681
0.7092147541504344
0.9386328942031159
0.9211767978848737
0.9616716376863657
0.4068401150584591
0.15647082928306372
0.6979596027568812
0.9176333235998323
0.9041630239670666
0.9068843723679515
0.802323787236358
0.8428921116643987
0.812424955587147
0.35040536799594
0.619424126971543
0.6251300343883828
0.75
0.6552900867289013
0.6999314752600011
0.9626706921477303
0.4832832169071669
0.9535070058908217
1.0
0.937529232822188
0.927461602849268
0.504702589868221
0.8779264848622781
1.0
