0.8940813639371995
0.5712325156455671
0.6680228043914572
0.9806254956361826
0.738748832793448
0.7680643838375572
0.9819662012563952
0.8673902764337487
0.7358701490229154
0.41635809410648006
0.6465138941921145
0.9767730902528964
0.6869706136896852
0.19386183713047273
0.7407818531541338
0.6968014785997979
1.0
0.9391200204731103
0.9591936457469517
0.9146507076343248
0.814973203409912
0.8336532312328792
1.0
0.7716197244017491
0.5557877418269073
0.8324990060669916
0.8065263493904399
0.9565549706896815
0.6663106311550092
0.9132315675075684
0.6530799794107818
0.9765289735904896
0.8926342010670425
0.6871672542817285
0.9760512400309616
0.9213752413692693
0.8170388810636983
0.6536537162854694
0.5425644785299082
0.5598440967306421
0.6933663513126458
0.5798024546194711
0.2619988939902226
0.8909055839851182
0.8517522010532221
0.9345778064875055
0.9691156976651861
0.8432829516704247
0.6969250133445117
1.0
0.8175890928763481
1.0
0.7883530850562975
0.980976656443197
0.8509868962236018
0.8536123333915625
0.7094027529182311
0.75
0.850269050727213
0.45528492089664674
0.8713971553587487
0.7450299987240736
0.8201335923061854
0.7621855629604886
0.9881793081124057
0.8606933802423962
1.0
0.8218038532811066
0.8865733967982155
0.431652316867096
0.7854888992843726
0.8177761536653909
0.7759349852018923
0.7863791491669566
0.5121682331341573
0.38402157075636434
0.9368790546088401
0.7318303550890167
0.8282974754517901
0.6309087182389874
0.59856124310889
1.0
0.5667153821990109
0.8301757691408719
0.7701852649459977
0.7892442672385624
0.9240509501871081
0.7305387433728895
0.8113596666700909
0.4529346166055823
0.7402779086968009
0.5284321734370221
0.7400504513518988
0.92901561218635
0.5927487440561898
0.747568902331964
0.500330331691032
0.15126983044090586
0.8493076626813115
0.8423757518569852
0.7204683890376669
0.5255427968154531
0.8006293096624401
0.40797588034588356
0.8419458356261136
0.955671310271565
0.7900447578370036
0.75
0.8082425148874647
0.7122391952626463
0.9100580431458991
0.8765877625117363
0.9038023720489217
0.49087271943024086
0.6921759296425469
0.667187592365813
0.25421222087474693
0.9553729646561571
0.9750444815009729
0.6579944676584312
0.5006370658510988
0.4683611079064052
1.0
0.7311881036079753
0.6419732717163107
0.9513904533640318
0.9678078100173511
0.833525984976556
0.24220258758173258
0.5855056145487046
0.8077307855124036
0.8660712403849289
0.7454751062168969
0.7900591673410824
0.9556461146484417
0.2676241575833404
0.8865279697746307
0.8823299473601423
0.7837999902164411
0.6485993627697769
0.3764947605927506
0.9237053412168421
0.75
0.3142601324794798
0.9832314188428051
0.8593817593855663
0.8392493213837404
0.6129204531815126
0.5138638522273784
0.5781806803920151
0.8246381724441142
0.937541571158296
0.7415253125257417
0.761118543394031
0.25075017265585164
0.9791531243550113
0.9396520505705842
0.7747188628428145
0.5279944486244452
0.7593973770083501
0.6336617049376718
0.9307690452606262
0.8775918400938706
0.9301404485688826
0.7688350350780381
0.779037654107144
0.6414014498005511
0.9111819906724539
0.5110090445019996
0.9081295174116187
0.70535307653847
0.6184433928828377
0.473313512812197
0.8244738074103282
0.9092327768301214
0.9292176059693684
0.47783847883102404
0.0898730621622154
0.7859017495714398
0.7013082790084091
0.7612132349686493
0.923067204597557
0.6677112122395359
0.9329914965634307
0.6839308833734087
0.9182397258535487
0.7403449541913298
0.9735324907352155
0.9437052906807766
0.8402244023005657
0.9723552323693859
0.805362984645031
0.8307544561812055
0.5393768024297216
0.8555754146077816
0.9267424731170804
0.86239025053592
1.0
0.9619505372886121
1.0
0.87892066286299
0.8079430653364209
0.6442162997416009
0.8662666620304826
0.7187577035825917
0.8544851237868694
0.8506188998100245
1.0
0.6601863347882287
0.8355767822757958
0.9166535522451106
0.6058449242374124
0.8928163223877392
1.0
0.8963757836149473
0.9045068161542025
0.9767210455600532
1.0
0.7800098645851007
0.6993439242539181
0.7188611318704518
0.8819866333478982
0.8216753980777644
0.9044041493854225
0.9269980806713071
0.8566193586136397
0.659539515145859
0.39142648309734707
0.7281430231498354
0.7623741127294805
0.9667100413238661
0.48256186211083174
0.65727991182554
1.0
0.6575279341983483
0.862445045622005
0.43250986701230615
0.8622603026030307
0.10752152461569833
0.8378256776598662
0.660388800541744
0.662927512483824
0.9128465997201697
0.5978056517372206
1.0
1.0
0.9537910604499543
0.4333341370316905
0.9526439446056325
0.6236574917659863
0.6823459649597854
0.7311991555099702
0.974768733572596
0.4562511923980134
0.7001263034301412
0.2522332453130552
0.8849801314483421
0.75
0.6591181982574953
0.6901993958470274
0.7758188124007399
0.8057423788092167
0.8471981784978606
0.7760584970179177
0.8608831946816415
0.7088376142568589
0.24141538710421992
0.4200357453606495
0.9482956966268172
0.816484024959507
0.9496562363946239
0.9122866650680318
0.7184299080602696
0.75
0.8614790550306687
0.9732652360479763
1.0
0.6505008124825475
0.9029732137688998
0.9175555765799726
0.6903950194618743
1.0
1.0
0.9304727212782078
0.810130116217582
0.9313403618337628
0.6167959610918126
0.8525017259381843
0.8537491681409057
0.7490971757676268
0.7450808209323809
0.792853799988261
0.6346554842361078
0.8744801514758643
0.4596003831401365
0.8705896711989698
1.0
0.7113766995342966
0.9227945413708638
0.9553545683606741
0.8609081967034181
0.5710072253286248
0.9446332180883182
0.9033016790586677
0.8963263919984849
0.6670031703982156
0.5571703968764607
1.0
0.7989592101285464
0.8845763519217716
0.5073648197864729
1.0
0.8771949212281058
0.8770597275110573
0.3997102229899827
0.8223528148296003
0.8574811688105735
0.9343481782039511
0.7448466124673317
0.7665561429505654
0.5537327454426859
0.7850960876275921
0.6395537659352418
0.8599942275061766
0.1807950993837087
0.5594031424457521
0.4823872477054629
0.9037600847466485
1.0
0.0682236910265433
0.9680939611572492
0.837566066782085
0.8653967550402686
0.8035017685248347
0.6511927537157847
0.9056128321565876
0.9742243750430326
0.7807865388364603
0.8182122542909012
0.4795920110772311
0.8243063784269832
0.7022918821193731
0.6172176600761671
0.9288519056896614
0.6240117877697133
1.0
0.75
0.6602184038635475
0.8637953518651755
0.9514690818049105
0.8464976594671161
0.47422766260513793
0.7765141039920029
0.7383698883936693
1.0
1.0
0.7802572346117886
0.9827716695277394
0.9297481875949354
0.8711388564474698
0.8482880934348949
0.959115590877594
0.5125760620894539
0.47078976385872684
0.6837720508743141
0.8419354208171739
0.5231757536621029
1.0
0.6291477110854179
0.5207310599488093
0.8745925219793054
0.9168738732990213
0.6441148394634186
0.7881607476487162
0.8569139080382995
0.5631024010724494
0.7674218248690218
0.7530677386902024
0.9541756568577808
0.8166761454335452
0.933650870288264
0.8587600235790818
0.8223710104899543
1.0
0.9286713152585868
0.8136177021178361
0.8386596216362439
0.7615463598331
0.7594576191526773
0.9269738273725062
0.967520576772174
0.8443764742582348
0.6598715044635173
0.637405968105777
0.75
1.0
0.9500655343692642
0.18000047257431404
0.9773339441442196
0.0877706980022791
0.771445375167116
0.6165243256763082
0.8590392988392332
0.6695828832694563
0.8173439056790418
0.7276912372421891
0.9134970758475753
1.0
1.0
0.7959775596097156
0.9040894271205051
0.8753354749000023
0.7455198139669387
1.0
0.8387796097028809
0.8976807900650202
0.43710080000671586
0.863116669429977
0.7280506431447534
0.2128449530030409
0.9070945549957978
0.9481677349980642
0.47783847883102404
0.9484075877693163
0.5794410328899782
0.3347584913941471
0.8923391883697304
0.7388415875774295
0.5745745485064094
0.5441605416670567
0.9300848410196411
0.5108878487550786
0.2234453946584405
0.5684709250996365
0.46805715819339566
0.9332029944405882
0.8917781004200993
0.8549239263354442
0.9732966898016872
0.8537109787525976
0.7795146883375746
0.3156125055802959
0.7536999215291591
0.8506285616959668
1.0
0.9078577734157371
0.7337859800583123
0.6819008891971621
0.9485360069206327
0.8537082341711274
0.7103659601886534
0.8953220082400769
0.6779830244753013
0.12678427295143196
0.8090277057329762
0.9374949008681198
0.8783307644008209
1.0
0.5777748256045033
1.0
0.7849103301968228
0.8890595411259486
0.8665736025405549
0.9097654255241943
0.10435395848940482
0.40545883152487566
0.7716736402359005
0.9873681902852036
0.9051765817359072
0.7221697197454212
0.5948184923256916
0.843239076548015
0.9128381016541698
0.7345703188930508
0.028600296106367933
0.6517295359335316
0.8638314071380371
0.9298991392168352
0.24504052789783587
0.699265206300818
0.6635921999468647
0.18854464584350492
0.6855902679590458
0.09274981810372464
0.10515656316478006
1.0
0.8627822550946274
0.7886140519681715
0.6871858785199773
0.8903013714368223
0.9188378342413955
0.9521522598878547
0.5413195705881624
0.6502508145982647
0.9383688213901841
0.4550544404957191
0.7255927817341834
0.3988660171724662
0.43559694467234517
0.6889843105984879
0.6655039987128227
0.9841974283224264
0.852604097104445
0.9405076876459083
0.7285059545428001
0.7407049486056243
0.8617369847273361
0.8876319995278046
0.5098364929015151
0.4649150236997971
1.0
0.6153293915072126
0.5891369236765104
0.7920071005784719
0.8780333786535521
0.5239630401599031
0.7832815598275228
0.7286434610436585
0.9163981862550641
0.9151374989311537
0.8902533534785839
0.9634024318950539
0.9696539556676025
0.3685600938201866
0.7933281373719162
0.820347942419324
0.9857857938541994
0.5096462923462901
0.9264249182914449
0.8360736774420163
0.6052033784524243
0.7565157717654472
0.7990632224229621
0.40354583673241895
0.9746892192662753
0.9039068424721184
0.05195876364331545
0.6235998086113336
0.7846859662825718
0.9459663914545153
0.9646668475419078
0.4797423213866026
0.8103380746165413
0.5793817797252276
0.5789359075101589
0.8615195817303336
0.940667224012745
0.3951021315062595
0.25286297340893593
0.667706559893033
0.825104274784868
0.5330132308202662
0.75
0.7923221006969481
0.9867233755766469
0.8882700838163213
0.8908966166851537
0.9344046262403183
0.6771486558300649
0.9046210739993965
0.3902830218289144
0.36266261145978185
0.8169984459084105
0.674161108108789
0.7527899654079552
0.8542458957924484
0.5728117603587681
0.9301324507987234
0.7679911785543354
0.6026563911301724
0.812858791935086
1.0
0.8280096857829541
0.9752761039283759
0.44909258331904567
0.5744992628081651
0.8114435618438735
0.9195675866308884
0.9410087250283439
0.8873769377243269
0.8531248953125459
0.974387719823664
0.5014452729517522
0.5390989101520967
0.6902219147847003
0.9660898620910937
0.9322901632161398
1.0
0.956594831199459
0.5212536892504387
0.43644875486642143
0.7898073668151944
0.8005819070271214
0.4712388184138232
0.8845959683334901
0.12409106124614117
0.9072066264100489
0.6466896412970287
0.64875023942467
0.877177040486617
0.0631062911501314
0.44069391535779767
0.6634005009024612
0.853670416794311
0.7673679564124419
0.6560798623129814
0.9810296914408054
0.9720869279836595
0.9076946111144266
0.16510888528125456
0.98370168603041
1.0
0.7862284804735544
0.8886713972936738
0.9864075642098957
0.9714181963061841
0.7447179600931884
0.5686773395462292
0.8870473144981936
0.8022414240745656
0.7707476320209876
0.5256342852619483
0.8157502424892297
0.5899906175191433
0.5060195686237736
0.8485979697115874
0.9145545920016941
1.0
0.6479229312716268
0.541003702996955
0.8055722363080989
0.8637535604201754
0.8854253545349301
0.9810414025212499
0.5044756687750792
0.7326328544920424
0.9202729074596283
0.9590887915650229
0.9663405999720011
0.6813354984985281
0.5748995111770305
0.9403388225821171
0.8382441577470506
0.8625214246787491
0.8885414471998165
0.4614062111332625
0.7488246693001981
0.8988376971696302
0.9330416588135915
0.3265575114634695
1.0
0.9047630820232155
0.7702628126922474
0.7421344016589515
0.7679845170115192
0.5778152525166134
1.0
0.9688936113657038
0.8323497540986111
0.7575541219956659
0.5602061969680316
0.8870147083401142
0.8409417899173408
0.8448573017544606
0.8260095574119416
0.6341848497534569
0.1017955854139018
0.5745860570382033
0.9162583963572347
0.3794159962953958
0.7336720037100317
0.9078404488457095
0.6821637087002822
0.9097385227776462
0.809793470353706
0.8178029027223794
1.0
0.3172757782557929
0.8880173232355902
0.6256942177399779
0.6039885634884232
0.8942485975721415
0.8062513281822886
0.9138394349344123
0.8143269496500535
0.75
0.7978335794624996
0.9095606330379766
0.9376284020198226
0.834399334930128
0.8470964310564928
0.95523858101858
0.8911234842634751
0.9290724359277658
0.4335242249988541
0.8992240358299489
0.7884607042432842
0.9703351918648951
0.8075347078897755
0.8056055415190344
0.825599078352495
0.5860760416161039
0.8394852460379406
0.6016754045515311
0.8673515061305341
0.8664590931277872
1.0
0.9163217822147729
0.860505967894343
0.8654544735272096
0.9493439242539181
0.7062524954360244
0.8871393603385951
0.3082284784923511
0.8952123336689652
0.9792146168262167
0.979586152858251
0.8777214025020906
0.8348987599950755
0.9549730768149712
0.7226369457343529
0.9616256285427188
0.7316330704048135
0.8544718305522475
0.9792669373770291
0.9761359013724035
0.6737341124112058
0.4826674335954537
0.9068345502475279
0.8813170007133186
0.40272294741489933
0.799906984194223
0.7727224123452504
1.0
0.8961042562328717
1.0
0.07775765780570026
1.0
0.6675147359290499
0.7132655856279136
0.9583298974413805
0.9055655729962299
0.5200769070692827
0.9113681092756099
0.8160403365106426
1.0
0.9129875395375262
0.9599078648843334
0.7465027656621201
0.8202841933584466
0.9039241763231906
0.8008445312086216
0.8046952708619866
0.9629202041379032
0.9520239027735755
0.19056912667574594
0.8249250503515025
0.5878527299626514
0.9096413793394517
0.8933756775204853
0.7486319790457788
0.5753160379591259
0.9374234151597969
0.791483956899893
0.5930663952652065
0.8932951442721366
0.7284024497489043
0.8160520093592818
0.6465874469565717
0.9389351568218376
0.9260247674648379
0.852070729392322
0.6430340828405691
0.6819486002308789
0.7343765965102693
0.6819612036973781
0.804704186152266
0.20874767877711708
0.8900377779512543
0.429789975412476
0.896202277811474
0.9305139247800795
0.6178132862272451
0.9568287480359667
0.015259506472767194
1.0
0.9752523104300957
0.9510699623823036
0.7339941866246029
0.7922269098105986
0.479701208547359
0.8639472443501135
0.9399209453582231
0.677029553029262
0.8477258122415555
0.7370953482433416
0.5520930841750147
0.5936145911758484
0.8442374427127735
0.7777709138301367
0.5017004819545993
0.8143594197658269
0.2844870478504392
0.756594914013291
0.4693682333944016
0.5817325795919227
0.5308889804825374
0.3810021072915767
0.9063246755787967
0.9341433582168455
0.9723503091674975
0.9126074991019655
0.7498600901743521
0.4129735370168503
0.9853308372204457
0.5903529592573639
0.8765239340095652
0.6040739083597526
0.6392606268686444
0.7997854007434122
0.9006478273949798
0.8331017508450261
0.9011668445052425
0.642242872529579
0.905457189881035
0.43541005826707846
0.7797119989713651
0.9019117158057515
0.9030895703954266
0.8506574207616224
0.6437995192337946
0.6806014563517446
0.7967236850819549
0.7690251452263539
0.9165066673670481
0.7064129478135579
0.7987436728833206
0.9137658015700058
0.9216063727095756
0.8171925288471171
0.7423930335893357
0.8229223307731921
0.8244324959450549
0.4782106732535765
0.052821030733743085
0.6031829502066065
0.5262403832078705
0.8706750164536722
0.5289900699717808
0.6071439976570037
0.6987330604370097
0.6893138009869957
1.0
0.4025371513769329
0.8373908608432742
0.8008585278345614
0.8272593336033607
0.8860895848169951
0.8153446899395865
0.49088496248729274
0.4927788503999625
0.9873843707630354
0.8765389587073493
0.7410558343335996
0.6496576405106121
0.8922048701102749
0.6702873883497358
0.9768184067043815
0.628550887989868
0.9261773499815948
0.9009290185043164
0.8096944804622945
0.8838894929527755
0.44073229017483384
0.8388588013345631
0.7340086393608649
0.8088134627333635
0.48649570389160646
0.5544200587590522
0.601039132306653
0.6435323908922004
0.7384362119709006
0.3357199718328744
0.7514452729517522
0.8933360226139572
0.8130877183599079
1.0
0.8662858684865947
0.5217618090180782
0.8804376137348233
0.5830092485381465
0.9038658221296321
0.9464387752845055
0.8606629926271799
0.8415270355917368
0.0571397994419655
0.9271076988641065
0.7556844884487615
0.6400436341530185
0.9346000914665092
0.949279258349352
0.8045178359400414
0.8270941991916185
0.7102809722100941
0.6589702269590632
0.9226697201497516
0.07236919390330121
0.8810662989844211
0.9169450146707124
0.7885339828031341
0.8299634041776318
0.922677855063254
1.0
0.9590642120706826
0.871996041171613
0.9236616799925657
0.5811194227674923
0.5153064679773518
0.931920877467115
0.6150656243138309
0.7828241256068034
0.8932951442721366
0.8055041312709579
0.4107765342370677
0.8810876481493026
0.7888885262647592
0.6021500345146891
0.9581796742430422
0.9075224353889402
0.9722638496220717
0.33337129813632294
0.9653914171385695
0.7722713815748583
0.6877136520761884
0.6812208919161298
1.0
0.8386687481232868
0.9841849350171756
0.8403924123944176
0.6061730181659402
0.8587197202978221
0.7460518789288333
0.47283135852393343
0.7417163758663172
1.0
0.08201979027982927
0.8978231275816746
0.843779318772997
1.0
0.5425644785299082
0.7150922033353273
0.8651096300753217
0.688191660760912
0.4186347820580504
0.8571328899599852
0.4217763382505093
0.7698426110303213
0.8727358178215143
0.8144661663003014
0.8324360049742274
1.0
0.8048390949517362
0.8837623441039859
0.3181424606715405
0.9316473042103746
0.7566687330878825
0.7361647312590529
0.7164413983906737
0.5509084283886897
1.0
0.5954122636883981
0.9232057289498885
0.8148304197978664
1.0
0.8656080130514062
0.47935238600220437
0.6776644327756607
0.7864893027456236
0.8064922600832674
0.7976445347557238
0.8525640673732131
0.962453655835612
0.8656835122972528
0.6094468887475946
0.8514019521066631
0.46066771177649807
0.6164805666411388
0.8382684864655374
0.8325874836818922
0.9507068058490397
0.5071920735305587
0.9166318045184021
0.8424462229374001
0.8041160159310414
0.509782267976444
0.7882722206274242
0.891285310685083
0.7703174212998274
0.8715904072952232
0.885106107415429
0.6235808303573346
0.8969193947504553
0.9517478943989048
0.7776288389867612
0.9546241200534065
0.9009584364582043
0.8345039692043648
0.8787834384769353
0.642160496777459
0.7772821284478046
0.9798261336627121
0.7512380593038126
0.9625908728857302
0.6992221601988182
0.7641878067408298
0.914568173455512
0.7735522911756294
0.8801344833485863
0.9056357906034527
0.7970163109629533
0.6460203053495497
0.7675637040544645
0.7127212363537232
0.69101091994623
0.8023300764305676
0.8386875942843207
0.8088254246484654
0.7043741602606799
0.36254914436117774
1.0
0.4452798517133809
0.8639666537090147
0.5544791295654501
0.8835061242853693
0.6808551705202484
0.6787931245061631
0.5842724567258942
0.9076210280977621
0.8493179609271683
0.8004561439617264
0.7219844469781251
0.9491720434307414
0.6980815537995616
0.6110834322808998
0.5568069239245352
0.7116012356659873
1.0
0.5454059357817423
0.7189801523519235
0.855505123221568
0.75
0.6754427550823451
1.0
0.48144702183183974
0.35585646837820767
0.856297748489547
0.7891343301540076
0.5622785608635071
0.8455744507765856
0.7612413453930837
0.4323445889048686
0.8417587554528291
0.35333725150539724
0.8026744161051383
0.8864739694129489
0.6459783051028819
0.8491393301577291
0.8101925534253402
0.8724023321556522
0.7346386693154074
0.8107533848330493
0.8535210036555148
1.0
0.9267323720451696
0.3431497506494304
0.9066432568149391
0.9026108359491338
0.7605665147792967
0.6792969966377267
0.9081217959234402
0.7994928481126342
0.6841658137580762
0.75
0.5456207489480742
0.8573802932723747
0.8471779943293898
0.75
0.5894239881145782
0.6653247930572467
0.6319948616516673
0.9209824556142908
0.9035812666698635
0.7970414293549566
0.8853006344094316
0.9342697127292363
0.9312004091814694
0.034109254585401275
0.8913726781545358
0.5984205369578057
0.9166709858879467
0.9612177281402347
0.8453211671109531
0.6981534142399886
1.0
1.0
0.9055044695849603
0.4557822910592571
0.9091113022965112
0.8348214830194184
0.9609727655412121
0.9382481825165082
0.7793731299025235
0.43511507662754617
0.7239623475366739
0.6744068039277872
0.6717056781845521
1.0
0.5629026046243439
0.9257281471180048
0.7998287544080686
0.9367636264524735
0.9262752968042288
0.7425888861935791
0.9775309568365562
0.8603638645055558
0.669291292618031
0.87660824254736
0.06646994753728132
0.9305952479045143
0.9305717886501441
0.879741240508509
0.6969882764451437
0.7533223672187057
0.6101804145039345
0.6607801381459042
0.07027674287174267
0.8238681804577078
0.5190991952064317
0.9268588826966031
0.717854640058034
0.8369525283337356
0.8109203848365845
0.7527563142987251
0.8363040838629499
0.9890612027002679
0.851696099266314
0.6177834144675356
0.9422779051037762
0.8825475260764873
0.6668556860629081
0.8121262603246766
0.6874203107991362
0.9372002676490037
0.8534037496541624
0.594179467903228
0.4600548664434774
1.0
0.7003862982995329
0.4262604480691704
0.9776040019177483
0.9628412750063594
0.7280278085251018
0.743815203790233
0.555146889765733
0.981900956142987
0.8963117047058302
0.8595005923730328
0.6406936587335889
0.8853322713331144
0.9194141425914735
0.8718411622361455
0.44269439719901604
0.8476257448859583
0.6026898920133339
0.9904368319633545
0.6648955638781082
0.29571867371782323
0.511168982376428
0.6678163237358459
0.8069670977504425
0.9581499566627781
0.379331765177166
0.8460134408204091
0.9913421033646672
0.8854364429187884
0.45696709223691645
0.9777856414176236
0.8496433599966109
0.9823065172163193
0.7433146856355466
1.0
1.0
0.941248482992381
0.5444364954926946
0.8683321430091843
0.8712653829773274
0.7006897163017966
0.9182426288518005
0.9290464075693879
0.44084237741970733
0.7488207161327379
0.4829284102976316
0.48083474695092826
0.4105737456214913
0.7910149421843345
0.31101149439573045
0.7408520206930309
0.8137878014813751
0.9301022253681723
0.7210105068437046
0.7758469254322751
0.8797400347249349
0.8904926064987455
0.9709988669380654
0.8578310737145405
0.38162575171265617
0.6026875799355955
0.8109732966187204
0.8927488646904895
0.9785721338810089
0.3026934589885102
0.685756620354509
0.8606116771958608
0.0472309469973487
0.7279767642727984
0.49730940560942827
0.7784978786105431
0.8283303394058243
1.0
0.6345600021612265
0.9452195869469442
0.7203468345230211
0.3286870498980274
1.0
0.7038239591152542
0.5229078633132248
0.902988681919866
0.7956113706948826
0.6436429183205339
0.6646334889431702
0.6457273162162436
0.8964759301454337
0.7151069970799139
0.8991766538760202
0.6125996770217319
0.7622355426079199
0.983899109494295
0.8850107834055205
0.9962395302527262
0.5994641986336328
0.520907592621018
0.5400055097273233
0.8480936929562224
0.8521754221194957
0.8472858597734538
0.7531591865881655
0.37186776451360104
0.4582824869733672
0.7698518300184296
0.41686467897968105
0.713753647376093
0.8985848312110691
0.6073298137139473
0.9127927227932007
0.681826860447585
0.8380178932217099
0.9464155094938794
0.8683826474428353
0.8884395686605612
0.6352638217107194
0.7835959851434344
0.7094275892480291
0.8124892728355433
0.9216060020976249
0.9439875036381131
0.9452950525295924
0.7990162789005064
0.5594651564888793
0.9827413261436834
0.8230053642527546
0.6188434568624575
0.8798489943508766
0.917501331653142
0.9100015685709043
0.9659367517585835
0.6997410045510791
0.6966495570204593
0.7541338780833711
0.9647547042922295
0.8272203735969704
0.811711269691966
0.8320877582863166
0.7204776225074774
0.5209417767364659
0.6011488660352455
0.5439794124178903
0.9761243903408761
0.8276701376531882
0.8831964436630307
0.7688716292683769
0.8531736878647271
0.5402610047145705
0.47361355914140496
1.0
0.9703778339003518
0.8687074353636639
0.47358836485430744
0.8959769884257761
0.79669372722642
0.8690689106614488
0.3271720695461878
0.8208341146111532
0.7949779513315477
0.5732985394397937
0.8849025225273044
0.721618602661942
0.6367363019641588
0.9024678917735048
0.85139365191826
1.0
0.75
0.924080893183159
0.7739556762084567
0.4392523743706285
0.8818282174008585
0.9197670183861067
0.8962252760181915
0.7568352203539799
0.6078956782195732
0.5361763314301488
0.2541298082592788
0.8325277787486467
0.9361126849052147
0.925468379356186
0.9121431637902858
0.44827784598813214
0.9180089649841375
0.9361217197700498
0.8391530883787082
1.0
1.0
0.6985335286491914
0.7755836302306176
0.9861019193329068
0.8362064423625821
0.8267523149598667
0.9907241132149416
0.9469517525843304
0.7464715194841949
0.40188102805986636
0.2895386098987195
0.8711165291408421
0.8598723988160175
0.5710535867402229
0.9061956043310591
0.750476473149844
0.8636114711146788
0.7097718560313424
0.6429849049246898
0.8379137895577573
0.408411945851904
0.04986115910235531
0.5232057679538608
0.7733007671184582
0.3718445928353321
0.13756511814483924
0.9178375394459202
0.9332950903566624
0.6814654603904006
0.5121167017441781
0.5053697753642445
0.8547153238751646
0.9510394801687443
0.8281966768450642
0.9400123787404946
0.2654011295223356
0.5238127764077278
1.0
0.6436476040394072
0.8487446046358156
0.7937771456280454
0.9061592941578648
0.6351363667171426
0.8807413443920178
0.6901407123611185
0.5437715249174094
0.5632118169058917
0.12941041142121432
0.7466320485701289
0.8977789549487636
0.8298675071342488
0.9101748364266242
0.8977752268966384
1.0
0.9249526359547194
0.6056823358171171
0.7944756973084681
0.6883688213901841
0.9278264789046201
0.8962872269893816
0.8521791725303383
0.7694746259881442
0.945773131775049
0.5500852165115047
0.7240238219299122
0.75
0.8269383015163254
0.9319477702866636
0.7422728583189326
0.763670054920184
0.8965405555085502
0.4824483430787265
1.0
1.0
0.9672495632142508
0.4909474084464063
0.7460557577176775
0.8797913433056875
0.5550578840787608
0.8419827676434819
0.8222307035189131
1.0
0.8520110817343931
0.991287780536602
0.7815103958408027
0.9430874408074452
0.906600636473438
0.8989189631929692
0.7211181306155869
0.7759946976713283
0.5483786788332705
0.6841887219540863
0.7913040005662074
0.9811441978959743
0.6108198967948711
0.8807788423307131
0.8513236116244107
1.0
0.8812509992904115
0.6062460905251146
0.8532073751875624
0.25846358934688685
0.6950358539159083
0.95351561924314
0.7911312811527674
0.8144797153753107
0.6519678412046748
0.8139453994416631
0.46160658067361315
0.8612130715148947
1.0
0.9297190829474281
0.7611798199957056
0.9087760700289448
0.8114570130982246
0.8972915084366215
0.8401319992695517
0.6981152247660369
0.8891482273187173
0.6627838069325548
0.4458823379719109
0.6105164801300031
0.8282253006984075
0.9371763635995032
0.6901291509476803
0.8258914100389687
0.6813951254545617
0.9385527540360478
0.9358951964230425
0.5829606616685831
0.6871829191496225
0.03202399345096619
0.5610241553636001
0.33916308996205236
0.8328947310593455
0.14655336427251395
0.06216469918670039
0.7236935227622916
0.6902223421118946
0.6734624198144339
0.8049969170510868
0.813667481287813
0.9152446001219898
0.49461451314263905
0.9327570273776593
0.3482309368266311
0.7994310906680111
0.5112094080785854
1.0
0.6764072820981761
0.30408989534782904
0.07087273318586323
0.1553669330805299
0.7772094911957953
0.8932035513801004
0.8479174643077642
0.9035823570946098
0.9219472216824879
0.8523314865031072
0.8871951199374256
0.9119317993030095
0.8872177217717666
0.4625994246340596
0.7462175183093069
0.4233109739251463
0.432866109768804
0.9686257293927362
0.9542015923182587
1.0
0.7093333079574672
0.6688671704957475
0.8338772964444808
0.8302240006495427
0.8421237810054102
0.7746104955870514
0.893020698589567
0.7798678076759525
0.848284604305107
0.9221249374800445
0.7937033361837051
0.837756823944686
0.3395174740463816
0.8586962974275963
0.8969408125026579
0.9768344208824397
0.5974155767054826
0.9752132676502265
0.9181823028535716
0.9578002304744209
0.571034846052932
0.8246238016463153
0.7733571902802913
0.8403749808803564
0.6154480014943098
0.8084244727281058
0.8208128357943862
0.9768034105524293
0.6430660810647925
0.7923580715587486
0.7394666312108311
0.591954512802446
0.7958015817523013
0.9656655093821853
0.34652266806582016
0.4590175226403055
0.9031576489479288
0.7924810762710405
1.0
0.5483508657336482
0.9053575125236484
0.817441511763771
0.6813943572826444
0.6885967638662664
0.75
0.6857906041987651
0.8405807728009266
0.7880401832100754
0.8649538053293708
0.9216032372736287
0.9020539972517466
0.10711155640507618
0.9529557805191551
0.8913541863553643
0.7261810588855517
0.7618288000148938
0.8463923231357879
0.974455162548299
0.27270509086133016
0.8518751946169416
0.6274574205678645
0.8670571162889625
0.8472578594646718
0.8984343383223584
0.803747156040033
0.9636490586472004
0.7787541542754391
0.5667096149903261
0.9861467336485508
0.7579983608264287
0.7835994443576582
0.8344580381165226
0.8890878840438718
0.8334681184551294
0.9752539148003966
0.9468259303467532
0.8472673567992108
0.9186871750915987
0.5503154376447781
0.6203709310999875
0.9456073186812242
0.5711916740636206
0.631131154581678
0.8258247345365738
0.9553545683606741
0.5300310851603609
0.9549730768149712
0.8687785323512973
0.7861347229363571
0.9254479586843664
0.7516343075749692
1.0
0.9306455445274284
0.9245289231480115
0.5429293016507423
0.9220353886687811
0.7790225956121386
0.945133704469858
0.9544440865007193
0.2751811662325366
0.897627937093726
0.8702228654193052
0.9879253185421253
0.8593085538319111
0.8603656137996214
0.9453843142229201
0.9887568633548559
0.5200692243233709
0.902776434980167
0.8398531923701842
0.8875463890965807
0.568360682232456
0.6279286809045451
0.4384349677926337
0.8190192484860904
0.5066314088103876
0.6871087235750357
1.0
0.9004811493856318
0.6488506441060511
0.6811024530870178
0.8033414009261223
0.7154196684439419
0.6018814839843075
0.9040254495528157
0.5902933813747618
0.665449847868329
0.741254881261128
0.9800317104255158
0.5232898053275777
1.0
0.8882091582139151
0.8180461647165933
0.6923434167962429
1.0
0.8305872212627212
0.8564324332532471
0.6847262050546299
0.8669242238989153
0.6956656841488422
0.841881489492514
0.5621331677087579
0.5981043762118491
0.7953583774234472
0.7960649168538342
0.917375800731653
0.6550499634431264
0.7601258023817672
0.6948426192893523
0.4736862496524464
0.7444115599975685
0.8417849467471188
0.8061366517027682
0.8747974189690186
0.7516363785725487
0.8832451796466343
0.8646247509623506
0.7049917825247471
0.8652995598752621
0.6181133602024367
0.43949338939041815
0.7226563841900471
0.6767213669459855
1.0
0.2867743129341494
0.9382153461773062
0.5034139137768403
0.9229312043858723
0.75
0.09712959174830431
0.7157081314873945
1.0
0.9788763185862047
0.7189383415646592
0.7844289164993025
0.8495778065298857
0.8604628699213593
0.8832566701459099
0.11160092817199764
0.8924971465933597
0.6993439242539181
0.4559326681410309
0.6994902558090534
0.9143754472581269
0.8402453668559462
0.8874043294928325
0.6813677543194268
0.7918501472395237
0.7800553782413433
0.7246608096864131
0.9622083714248773
0.4068401150584591
0.8923009605038581
0.7423869803438818
0.7709042561138043
0.43451442394932005
0.9626706921477303
0.937529232822188
0.4843243856605629
