0.8940813639371995
0.8940813639371995
0.7462592418720396
0.5712325156455671
0.746981515236653
0.0024914914433957877
0.681650274156708
0.6605399963079652
0.6478060059051841
0.9806254956361826
0.9806254956361826
0.9277755391594205
0.738748832793448
0.7349986531710277
0.7266354630459657
0.7680643838375572
0.7680643838375572
0.7187660233064712
0.7267097013561157
0.8936983132106819
0.7275171040317641
0.8673902764337487
0.6729904050175273
0.816693770358933
0.7358701490229154
0.7358701490229154
0.6413380140500917
0.6849815796487875
0.6849815796487875
0.6853398450371335
0.6465138941921145
0.6465138941921145
0.6465138941921145
0.9767730902528964
0.962710759999535
0.8909484306948486
0.6869706136896852
0.5160930448026617
0.6537898512618311
0.19386183713047273
0.16257131558793858
0.19386183713047273
0.7407818531541338
0.7535226374109848
0.699149959830276
0.6968014785997979
0.75
0.5718014785997979
1.0
0.9541362634512163
0.9849468896505499
0.9391200204731103
0.9214119679934215
0.918713230243645
0.9591936457469517
0.7771221705748048
0.5019424461239651
0.39213907340288845
0.48481349471047036
0.6688587321457506
0.814973203409912
0.7857250320453719
0.9201752703296939
0.9394984219530723
0.9088806743598323
0.9152824655941294
1.0
0.9646779047333148
0.8298679564124419
0.7993975021795269
0.742114215066721
0.7993975021795269
0.5557877418269073
0.5425575225225998
0.5525928598748826
0.8324990060669916
1.0
0.7763914803344558
0.8065263493904399
0.8859406746768618
0.5999292663134903
0.8873585167853859
0.6337183667001308
0.6342042738876991
0.5990657517114895
0.5073365217675192
0.08974055529365285
0.8437973690882961
0.5738720341848998
0.2641253716238521
0.6530799794107818
0.6508319723904423
0.690731104842985
0.9765289735904896
0.9173335551951733
0.898671903469315
0.8926342010670425
0.8926342010670425
0.8926342010670425
0.6871672542817285
0.5524076474431577
0.4544932347058701
0.9760512400309616
0.8087161407212715
0.9531566222842036
0.9213752413692693
0.9803482316307643
1.0
0.8456720483384186
0.8504564968527488
0.8170388810636983
0.6536537162854694
0.7830626688515843
0.7830626688515843
0.5425644785299082
0.5425644785299082
0.5425644785299082
0.5598440967306421
0.5900057128463758
0.5806176344403674
0.6933663513126458
0.6933663513126458
0.511175514076466
0.5798024546194711
0.5798024546194711
0.5702186113250521
0.2619988939902226
0.6052835508473515
0.4794288824759923
0.8909055839851182
0.9895148199038528
0.9404438362983907
0.964710212873509
0.8517522010532221
0.39639612542109987
0.9345778064875055
0.980032351942051
0.9345778064875055
0.9804793340288225
0.7975270493744583
0.8281938238125013
0.8432829516704247
0.8508081204576412
0.8449093451787808
0.6969250133445117
0.6969250133445117
0.7969250133445118
1.0
0.8871053027380094
0.8731153526644791
0.8175890928763481
0.797780623717999
0.7886423185413505
1.0
0.8475203278626846
0.9822087605143157
0.44019999852731406
0.1702549554324468
0.1748313015365644
0.980976656443197
0.9229423767597325
0.9340366001564679
0.8509868962236018
0.8509868962236018
0.8509868962236018
0.8536123333915625
0.8536123333915625
0.8536123333915625
0.7094027529182311
0.7019150385348415
0.7019150385348415
0.3075442524685446
0.34577063160449634
0.2750604477128844
0.8389054143635767
0.865912938536584
0.8473835733333056
0.45528492089664674
0.48832164825463886
0.4261256741044387
0.8713971553587487
0.44854163213495724
0.44854163213495724
0.7450299987240736
0.6456588417039348
0.7447199950845729
0.8201335923061854
0.8175527639789183
0.7153270155399304
0.7621855629604886
0.7621855629604886
0.7621855629604886
0.9881793081124057
0.9381977233083094
0.9188539102915074
0.8606933802423962
0.8680271018580052
0.8681216688252968
1.0
0.7106736188420408
0.8508806305179131
0.8218038532811066
0.8194626581568206
0.7862412543668413
0.8865733967982155
0.7328070195373357
0.8837130437081746
0.431652316867096
0.4485287459854273
0.431652316867096
0.7854888992843726
0.598019160397048
0.6815131750867474
0.8177761536653909
0.6327500688318304
0.7756587026986669
0.7288986559653753
0.743932792431311
0.7431052077905952
0.7863791491669566
0.7863791491669566
0.4871702632708407
0.5121682331341573
0.3743740990270854
0.49646563126916243
0.38402157075636434
0.6551403285344853
0.3609635698715757
0.9368790546088401
0.9198567142373986
0.8509012098868205
0.7033291738863059
0.7318303550890167
0.6749904475096676
0.8282974754517901
0.8190598527854618
0.8477733543488805
0.6309087182389874
0.6489079967562797
0.6698299317465906
0.59856124310889
0.5523767289988554
0.5259234795066646
1.0
0.8668728355141527
0.8766654465472105
0.5842475777078351
0.5894434868146154
0.591663679143696
0.8301757691408719
0.828496422203036
0.828496422203036
0.7701852649459977
0.7695982204271836
0.7778805653995364
0.8071014100957054
0.8071014100957054
0.803071721073894
0.6343623347329784
0.4861506765334985
0.9067448796023396
0.7305387433728895
0.716953959341757
0.33626553250543245
0.8113596666700909
0.7752124426516591
0.7283890139664173
0.4529346166055823
0.11104711722037859
0.11104711722037859
0.7402779086968009
0.6055978478610109
0.6055978478610109
0.5284321734370221
0.5279668762854182
0.5117014678908672
0.839193680980441
0.7400504513518988
0.7400504513518988
0.92901561218635
0.9107489980765253
0.9107489980765253
0.5927487440561898
0.5908494015433889
0.5927487440561898
0.747568902331964
0.6544850604687229
0.6891213573322008
0.500330331691032
0.500330331691032
0.500330331691032
0.15126983044090586
0.25628144224486626
0.24284298671096752
0.8493076626813115
0.849411341050441
0.8493076626813115
0.9545583090127812
0.9545583090127812
0.8423757518569852
0.7204683890376669
0.7170503672690604
0.6910092420744273
0.6762528836674264
0.5255427968154531
0.675611540280577
0.8006293096624401
0.7812744497007468
0.7895093367893461
0.40797588034588356
0.4470427856068705
0.4152210236776402
0.8419458356261136
0.8397874893779798
0.8424162465456952
0.9688292050084072
0.9891136649869037
0.9475430958827302
0.7900447578370036
0.7774613874217329
0.8330058452090572
0.75
0.5039517988308209
0.42672264993672626
0.8394925148874647
0.8394925148874647
0.8096929483032695
0.7122391952626463
0.7122391952626463
0.7122391952626463
0.9225580431458991
0.8920256643862772
0.8884771400567526
0.8765877625117363
0.8906252510727727
0.8742721782589051
0.9038023720489217
0.13643553228065902
0.916562521051522
0.49087271943024086
0.4591035743497771
0.3983018324676386
0.6921759296425469
0.6716252196491975
0.6735063236883239
0.667187592365813
0.6423082955606705
0.667187592365813
0.25421222087474693
0.2599580300115712
0.0016465345072132584
0.9553729646561571
0.9404383235216087
0.9045370589426036
0.9750444815009729
0.7119200085951717
0.8400766903657033
0.6579944676584312
0.5205127779230279
0.2945550520686623
0.5006370658510988
0.7818004676263222
0.8626898655595728
0.4683611079064052
0.35825927485112297
0.4496060829212372
1.0
0.9886405020875622
0.9627279089018773
0.7311881036079753
0.7119273858330453
0.5906661013384621
0.6419732717163107
0.7866073124075483
0.7866688755786746
0.9513904533640318
0.9188020122475253
0.9442644551110322
0.8682547039115143
0.8809075394031247
0.8808684987388395
0.833525984976556
0.8336322052340664
0.8337099125061255
0.24220258758173258
0.24220258758173258
0.24420485594691038
0.5855056145487046
0.6739919084413865
0.6803446070557015
0.6748462998153621
0.6748462998153621
0.8077307855124036
0.8660712403849289
0.8119587444995964
0.6295619043607343
0.7454751062168969
0.898739055118501
0.7254547339190198
0.8150591673410824
0.7947129309257684
0.806336184726117
0.9556461146484417
0.9443362519926873
0.9471573819213086
0.2676241575833404
0.29364741265763283
0.29240091521333755
0.8990279697746307
0.8865279697746307
0.8899484258045274
0.8823299473601423
0.7488404023124337
0.8644955891988018
0.7837999902164411
0.5189542633032328
0.7510283550556396
0.6485993627697769
0.5568088562671165
0.75
0.3764947605927506
0.9137038617019196
0.37219105777216455
0.9237053412168421
0.8699096675825139
0.9031089595149501
0.75
0.6225124045368863
0.5187883323340239
0.3142601324794798
0.12734457949760203
0.2691831536258702
0.9832314188428051
0.9332291029124714
0.9372780487609804
0.8593817593855663
0.8569602202780853
0.8593817593855663
0.8392493213837404
0.8132178919326868
0.591629112071498
0.6129204531815126
0.6129204531815126
0.6114686244473153
0.5138638522273784
0.5353234606077546
0.5145890052497357
0.5781806803920151
0.5771184766628262
0.46966553495638946
0.8246381724441142
0.8246381724441142
0.8246381724441142
0.937541571158296
0.9220078164938881
0.9100197705232785
0.7415253125257417
0.6224733117134368
0.47936652371292876
0.6665358028681029
0.6664845733495941
0.45238742047039165
0.25075017265585164
0.2406077721682969
0.1302750597129893
0.9791531243550113
1.0
0.9117245898029512
0.9396520505705842
0.9493258170363079
1.0
0.7747188628428145
0.7434688628428145
0.7403235647627245
0.5375710680202239
0.75
0.5375710680202239
0.7593973770083501
0.817059426978525
0.8077367040914184
0.6336617049376718
0.6375940861678512
0.5612340246009621
0.9292635152546643
0.9495882370005365
0.0009748931920028936
0.9318473017982747
0.5967712722547882
0.4247662357789147
0.7820368253219476
0.9300074892313535
0.8395593651591579
0.7688350350780381
0.7313623388266528
0.7688350350780381
0.8294463564362498
0.779037654107144
0.8215900812482011
0.6414014498005511
0.6414014498005511
0.34199397687145233
0.9111819906724539
0.920707924631309
0.8720585555358928
0.5235948441618884
0.5110090445019996
0.5284757387020165
0.9081295174116187
0.886011080363803
0.886011080363803
0.70535307653847
0.75
0.5393536050821864
0.6184433928828377
0.6582199998531858
0.598638349529692
0.473313512812197
0.473313512812197
0.473313512812197
0.8244738074103282
0.8195178641893566
0.8219657915019825
0.9092327768301214
0.7679528153825779
0.7311315800283826
0.9292176059693684
0.9174160984105705
0.8898819639297468
0.47783847883102404
0.3607806587129358
0.3607806587129358
0.9396636807492516
0.9635110956918937
0.9213352305488489
0.8822618016156403
0.8938390508411841
0.8864236895782518
0.7191833289428088
0.7013082790084091
0.7031645591962132
0.6754514803392098
0.6645037751672438
0.752734957930657
0.923067204597557
0.923067204597557
0.8604966398056053
0.6677112122395359
0.6452472256052307
0.656131247189121
0.9329914965634307
0.9216537519032028
0.9306550051442852
0.6839308833734087
0.27214333096059506
0.36517317195049015
0.6870883906758132
0.6870883906758132
0.7438363023157568
0.7403449541913298
0.7403449541913298
0.7403449541913298
0.9735324907352155
0.9735324907352155
0.8413551834502323
0.9437052906807766
1.0
0.8811012914031943
0.8277244023005658
0.7885693218433608
0.7970100732936384
0.9723552323693859
0.9442800054532536
1.0
0.805362984645031
0.8289785041135125
0.7991082631058399
0.8307544561812055
0.8242937344028141
0.8201166912350285
0.5393768024297216
0.6205074435576632
0.5453868688326793
0.7784348003410069
0.8571886244975145
0.21479294436204588
0.9319862147170568
0.7800935403712552
0.780046828449735
0.86239025053592
0.8380058185684884
0.9008808696189486
1.0
0.9191549811324722
0.9205414776151957
0.9619505372886121
0.84845976005723
0.8544778303535063
1.0
0.822991958179618
0.822991958179618
0.87892066286299
0.8434831950928297
0.8767731402504992
0.8079430653364209
0.8048314298715145
0.8481972957495792
0.6442162997416009
0.4221131761274353
0.6442162997416009
0.8662666620304826
0.8191995289393852
0.8191995289393852
0.7187577035825917
0.5850765178437585
0.5800234420722871
0.8544851237868694
0.8668356404149431
0.8222173859955201
0.8506188998100245
0.8506188998100245
0.5994854709666508
1.0
0.8484636265494047
0.8484579613458948
0.6601863347882287
0.638418540596914
0.5893051827318616
0.8355767822757958
0.7795547874923839
0.7730891304332043
0.9166535522451106
0.8034113983549398
0.8170912892013765
0.6058449242374124
0.6058449242374124
0.6020249051670263
0.8928163223877392
0.9091538506964277
0.9070264021056732
1.0
0.9210659435467999
0.9001969110404395
0.8963757836149473
0.8890623988078463
0.852490150221991
0.7803794886890716
0.9045068161542025
0.8975298008501784
0.9767210455600532
0.9738823791384524
0.9441398991166825
1.0
0.9822811268552026
0.9822811268552026
0.7800098645851007
0.9711126885525987
0.7840590777005948
0.6993439242539181
0.5290166942056527
0.6993439242539181
0.7188611318704518
0.7188611318704518
0.7067228293364528
0.8819866333478982
0.8464661159729285
1.0
0.8060503980777644
0.8216753980777644
0.8060503980777644
0.9044041493854225
0.6570166255071596
0.9044364289375959
0.9269980806713071
0.9269980806713071
0.8935645159703584
0.8566193586136397
0.8388461583086935
0.8376299415895243
0.659539515145859
0.659539515145859
0.6608339315965673
0.39142648309734707
0.39142648309734707
0.3742480913845543
0.7281430231498354
0.6983611391779883
0.7198649226693163
0.7623741127294805
0.7623741127294805
0.7539852809596748
0.9667100413238661
1.0
0.9659630735705507
0.48256186211083174
0.8345543460921433
0.8486463231197713
0.65727991182554
0.5911923927810998
0.5911923927810998
1.0
0.9521843450843049
0.6878168039887469
0.6575279341983483
0.5657374276956879
0.45249591403101386
0.862445045622005
0.7276216482234033
0.8596006348207264
0.43250986701230615
0.48223445063244746
0.5017759299551112
0.8622603026030307
0.8623537224331044
0.8624420141386302
0.10752152461569833
0.7453679425654667
0.7261371733346975
0.8652091930172799
0.8378256776598662
0.8378256776598662
0.6937221338750773
0.5484815483390372
0.215187923253988
0.662927512483824
0.662927512483824
0.6616557187959232
0.8114118393077085
0.8205479280684164
0.2661397865669705
0.5514128324242126
0.5334035176319152
0.5334035176319152
0.8616553604315998
0.7323362981045101
0.9265299664876704
1.0
0.8745426758092669
0.985653786920378
0.9537910604499543
0.964023290890861
0.9180767747356686
0.4333341370316905
0.42926767048781445
0.40377479609048683
0.7752677201254344
0.7837327736577029
0.8744024675146397
0.6236574917659863
0.7808773494990882
0.6508047909073044
0.6823459649597854
0.6008991182057348
0.5419389809177582
0.7311991555099702
0.7311991555099702
0.7099552334488249
0.974768733572596
0.9668516653303647
0.9620350378502822
0.4562511923980134
0.4562511923980134
0.4562511923980134
0.7001263034301412
0.670637563675297
0.6792747737648985
0.2522332453130552
0.2883489681136384
0.3586108982259235
0.8849801314483421
0.890938375456962
0.8965357842689052
0.75
0.5168099762828453
0.531531132814403
0.6591181982574953
0.5682091073484044
0.6591181982574953
0.6901993958470274
0.6945698767716902
0.6860562484200736
0.7758188124007399
0.7336937682599721
0.7293510523203333
0.8057423788092167
0.7329273843447481
0.8018728335181241
0.8471981784978606
0.7786446842691421
0.8530835851414399
0.7760584970179177
0.3990850932763159
0.6302390193954073
0.8608831946816415
0.8693734122702914
0.8570198749171669
0.7088376142568589
0.7421608401595841
0.6764129495948402
0.24141538710421992
0.23622415136956
0.23622415136956
0.4200357453606495
0.47555056273357077
0.38168607628735957
0.9768534269070666
0.9768534269070666
0.9482956966268172
0.8034561309021693
0.8034561309021693
0.8007165895624674
0.9496562363946239
0.952491409402574
0.949885672973202
0.9122866650680318
0.896600572702477
0.9250484724982851
0.7184299080602696
0.2782140792901932
0.13166006856414603
0.75
0.6871672542817285
0.6486645816819123
0.8614790550306687
0.7024881039970045
0.8256123606201761
0.9732652360479763
0.9620806225763607
0.3826832071449734
1.0
0.9496116201104431
0.8381661291704541
0.6505008124825475
0.7952822201330604
0.6179338435864269
0.9029732137688998
0.9029732137688998
0.9029732137688998
0.9175555765799726
0.9602967564121305
0.947379504739555
0.6903950194618743
0.4843692337373241
0.7276040019177483
1.0
0.8956024136565098
0.7838006730653668
1.0
0.9610812040520789
0.449749582245152
0.8465679626589186
0.8112886969175892
0.8506581932764
0.5620351606695719
0.5821950121803557
0.5815701761721502
0.9313403618337628
0.7285593969192986
0.92857689291161
0.6167959610918126
0.6167959610918126
0.6201195601313281
0.8525017259381843
0.8691441478601181
0.8691441478601181
0.8689006832924209
0.8775689364298637
0.8058759592021523
0.7490971757676268
0.5987450559245591
0.5987450559245591
0.641703526109412
0.6419881095801081
0.1952324994695278
0.792853799988261
0.7349473409832987
0.9252644460821913
0.6346554842361078
0.5980477832539344
0.6346554842361078
0.8744801514758643
0.8436572871103606
0.8402548827054925
0.4596003831401365
0.5047775058399866
0.4596003831401365
0.8705896711989698
0.7805568072868296
0.7809934145722579
1.0
0.9908211366316133
0.9677270636168357
0.7113766995342966
0.7113753575441617
0.13766861601890013
0.9227945413708638
0.9337648422415628
0.9090970457967634
0.9553545683606741
0.8862513166649368
0.46250411141108994
0.8609081967034181
0.85813067529483
0.8535240006423538
0.5710072253286248
0.6022572253286248
0.5617036258023624
0.9346332180883183
0.8811932604645927
0.9255986662351694
0.7935262684017987
0.7793370809955029
0.8059041913343883
1.0
0.7971773954054127
0.8410873943250657
0.6568907601529836
0.6534893845924402
0.6055780148280119
0.5571703968764607
0.5184371612809275
0.75
1.0
0.9533060697349972
0.8212229284994831
0.7989592101285464
0.7565754724996644
0.7963347232329612
0.8845763519217716
0.8845763519217716
0.9024334947789145
0.5073648197864729
0.47160410033553535
0.4134566388676781
1.0
0.8371911620598708
0.8249454138872113
0.8771949212281058
1.0
0.8801318013267061
0.8770597275110573
0.7439244878921052
0.7342025846539144
0.3997102229899827
0.4073555224165679
0.6092709280716039
0.8223528148296003
0.8241426969240576
0.8223528148296003
0.8574811688105735
0.8521997117746299
0.8574811688105735
0.9343481782039511
0.9257034497347727
0.9343481782039511
0.7448466124673317
0.7331633089573166
0.754571082283704
0.7665561429505654
0.7915561429505654
0.7821678114079398
0.5537327454426859
0.8146123415944738
0.5276627545668393
0.7850960876275921
0.8572728101380407
0.8594594376529257
0.7457924951140125
0.6006506900126897
0.5928028303321756
0.8599942275061766
0.8368973229188909
0.8286190104615911
0.9338863503002406
0.9264333614737614
0.9179015226519647
0.5594031424457521
0.8011250158301193
0.8730975804187324
0.4823872477054629
0.4351642508313529
0.4823872477054629
0.970029985045846
0.8995821806320095
0.9699847287157345
1.0
0.9854957765894337
0.9910117798178933
0.0682236910265433
0.0682236910265433
0.0682236910265433
0.9680939611572492
0.8327893607406448
0.7602404349332272
0.837566066782085
0.681524693577367
0.833724477062522
0.8653967550402686
0.8219159258197243
0.8427492591530577
0.8035017685248347
0.8038637572226397
0.08825090349696416
0.816330847534341
0.8254969401476779
0.7676529095936528
0.6821316913668242
0.8762240926510207
0.8771389239545525
0.9742243750430326
0.9355470225835519
0.9350420132353741
0.7807865388364603
0.7714422903777701
0.7720232735975224
0.8984082669004
0.8182122542909012
0.8182122542909012
0.4795920110772311
0.4593347371703258
0.477954547849326
0.8243063784269832
0.9772813415912682
0.5028770887724776
0.7022918821193731
0.7022918821193731
0.7037935923411932
0.6172176600761671
0.6172176600761671
0.6172176600761671
0.9288519056896614
0.9065197646719562
0.7524516789921016
0.6236530564473475
0.6240117877697133
0.6218766234638895
1.0
0.7707215904800718
0.7624820615786803
0.75
0.6513914803344558
0.5978777955345642
0.6602184038635475
0.6561566437104529
0.6537187678198917
0.8637953518651755
0.8637930155393463
0.8331390054526899
0.9514690818049105
0.9271640899191201
0.9437525815433295
0.8464976594671161
0.7975187988392014
0.8510441852407447
0.47422766260513793
0.47422766260513793
0.46200298272772466
0.7765141039920029
0.7765141039920029
0.7749596709287279
0.7383698883936693
0.49401445521856396
0.6216583837780174
1.0
0.8895434007226405
0.8604941883260795
0.5095471371564635
0.4179740409063686
0.9204614034673635
0.7802572346117886
0.3269987255177812
0.6754357061934517
0.9827716695277394
1.0
0.9698727336699483
0.9297481875949354
1.0
0.8039110657995832
0.8711388564474698
0.8331005319431153
0.9110309228110468
0.8482880934348949
0.7927325378793393
0.7523195180614503
0.959115590877594
0.7963971476900558
0.9858303954535742
0.5125760620894539
0.5466029881409453
0.4483906767812709
0.47078976385872684
0.44301198608094905
0.75
0.6837720508743141
0.6349940076922419
0.6349940076922419
0.8419354208171739
0.8608162645386399
0.8376455375172563
0.5341936195482201
0.5107165993075178
0.5324634633748874
1.0
0.9755647105883944
0.8223622245968844
0.6291477110854179
0.7027298115046557
0.5185561441154112
0.5207310599488093
0.5207310599488093
0.5207310599488093
0.8745925219793054
0.7577250731617734
0.7208773573362759
0.6232345817682297
0.3503485302172326
0.6013653861379707
0.6441148394634186
0.6153058212510201
0.6434913280055012
0.7881607476487162
0.7819881985530815
0.7849821911328866
0.8569139080382995
0.9232163342334165
0.9662013897176096
0.5631024010724494
0.6484715144371545
0.5809698735264524
0.7651091874497731
0.7450466275338208
0.26284458137663386
0.7530677386902024
0.7530677386902024
0.6627157242332713
0.9541756568577808
0.8977428019557889
0.8922455536872629
0.8166761454335452
0.8166761454335452
0.8166761454335452
0.933650870288264
0.9100252113270416
0.9216870426055169
0.8587600235790818
0.8562839997356277
0.7938287587661095
0.8223710104899543
0.8223710104899543
0.8226259484990479
1.0
0.9520128749210389
0.976187856005549
0.9286713152585868
0.9286713152585868
0.9286713152585868
0.8136177021178361
0.8271272469398178
0.7755382763426035
0.8386596216362439
0.6460874820541714
0.842210550228555
0.7878621493067842
0.7878621493067842
0.7263262230057894
0.7594576191526773
0.7577498067908651
0.7369164734575318
0.658709408782258
0.658709408782258
0.8491696453468601
0.967520576772174
0.9631597091774292
0.9435189674286619
0.7229155787782782
0.7999598013964125
0.28520762130939853
0.6598715044635173
0.5409638418507725
0.618691714286381
0.637405968105777
0.6819919150342758
0.6381313443246619
0.75
0.5152461391852463
0.4156097870794637
1.0
0.8875646400451923
0.849825300129255
0.9500655343692642
0.8478549030765399
0.8269280061930393
0.18000047257431404
0.18000047257431404
0.16698042327095125
0.9773339441442196
0.8883732410955794
0.9382602814931251
0.004722136440459238
0.0877706980022791
0.14997486383906544
0.771445375167116
0.771445375167116
0.3993567273694535
0.6165243256763082
0.569053648054509
0.8233941739271865
0.7562749227490048
0.6730769727260209
0.5536378298966635
0.6695828832694563
0.75
0.30851811189334283
0.8173439056790418
0.7533259663608137
0.7512330751434703
0.741580126131078
0.6951956784985867
0.741580126131078
0.8987911934946342
0.9127687535195752
0.896348943505259
1.0
0.8441053231431622
0.6713715155985457
1.0
0.9888921682592433
0.9871042306163702
0.7959775596097156
0.8583083792766137
0.6761695691900083
0.8862322842633623
0.8995842502142117
0.8817271073570689
0.8753354749000023
0.4641418463561186
0.7180436999037465
0.7455198139669387
0.7428003824010836
0.7389988281405687
1.0
0.7707513735731801
0.8616553604315998
0.8608778110559312
0.9085992543527451
0.6448182942112666
0.8408626082468384
0.8977059810513097
0.8394401700832619
0.43710080000671586
0.148661985094693
0.1790365148541918
0.9179849122239313
0.8659109934477192
0.37554267000194896
0.7280506431447534
0.7280506431447534
0.7274816300210529
0.2128449530030409
0.17422711055824386
0.1739498181019463
0.9070945549957978
0.7535894293530463
0.8061451744580735
0.9481677349980642
0.9098621774933988
0.9170824069986779
0.47783847883102404
0.46530759348095996
0.47783847883102404
0.9484075877693163
0.934015767837272
0.9006699416702373
0.5794410328899782
0.5646141083581437
0.5794410328899782
0.3347584913941471
0.3347584913941471
0.33816978722560687
0.8923391883697304
0.8992642002904472
0.8650645288765566
0.7196108183466602
0.6915373008821356
0.12301099743483407
0.5745745485064094
0.6007741612181546
0.5745745485064094
0.5441605416670567
0.6520240351130028
0.544992049381724
0.9300848410196411
0.8419971143413583
0.844944623817439
0.5108878487550786
0.3558959103443515
0.38988755103924955
0.2234453946584405
0.7297237398651242
0.7720528111965914
0.5684709250996365
0.5489025672558704
0.5684709250996365
0.46805715819339566
0.322805508262892
0.3131290821932265
0.9332029944405882
0.8969273191084287
0.874897395310337
0.8917781004200993
0.8917781004200993
0.8917781004200993
0.8549239263354442
0.8549239263354442
0.8549239263354442
0.9732966898016872
0.9606208993871465
0.9544276163103177
0.8537109787525976
0.8537109787525976
0.8537109787525976
0.7795146883375746
0.7411765317613244
0.7603659663120765
0.3156125055802959
0.46371466972847397
0.4652347321417025
0.7536999215291591
0.8291281563680448
0.7336309116108279
0.8506285616959668
0.6786821138348405
0.7157843149576385
1.0
0.8393640804563697
0.8675794041945026
0.9078577734157371
0.14000878249532794
0.8575262706982147
0.7337859800583123
0.6463644392791535
0.7530771578279016
0.7096786669749398
0.6819008891971621
0.6819008891971621
0.9485360069206327
0.8581255187906431
0.8870871436012348
0.8537082341711274
0.8537082341711274
0.5353982878800966
0.7103659601886534
0.5399444216017332
0.7120160780183546
0.8953220082400769
0.8038699860198399
0.9107727100086606
0.6601258816181584
0.6662502306838491
0.674965155573008
0.8122285590623537
0.8091135227488664
0.7882443736713879
0.8090277057329762
0.8090277057329762
0.8090277057329762
0.9374949008681198
0.926139038303792
0.9334568908051946
0.8896944007644573
0.8896944007644573
0.19407463958690882
1.0
0.850067502907172
0.850067502907172
0.5777748256045033
0.5777748256045033
0.5147936156063563
1.0
0.9569084384769353
0.8162834384769353
0.7849103301968228
0.7849103301968228
0.7853212947013904
0.8890595411259486
0.9099446140961199
0.7242990743901894
0.8665736025405549
0.7137866877590497
0.7144593997286806
0.9097654255241943
0.909077968374759
0.9063482803436416
0.10435395848940482
0.10435395848940482
0.10435395848940482
0.40545883152487566
0.762621728030036
0.7637549264698273
0.7716736402359005
0.7300069735692338
0.7569353741007505
0.9873681902852036
0.9690447307943268
0.9765094983852088
0.9051765817359072
0.9052564344716167
0.29660233701184524
0.7221697197454212
0.6747234580566914
0.7221697197454212
0.5303558184487921
0.5303558184487921
0.5948184923256916
0.843239076548015
0.8166904466256316
0.843239076548015
0.9128381016541698
0.6755854175915484
0.7992158069787916
0.7345703188930508
0.7540764186575396
0.8381391124086173
0.2375707902696892
0.23812693095797988
0.2421417677433952
0.6517295359335316
0.5830700172095619
0.4884549242012347
0.8638314071380371
0.8902842515936994
0.8583263713269214
0.9298991392168352
0.8840234529228579
0.961376942563693
0.24504052789783587
0.22013693486664582
0.22074711622519572
0.7145245353045591
0.7090037436968984
0.6831017717993522
0.6635921999468647
0.5928448430733833
0.5928448430733833
0.18854464584350492
0.6803366464526998
0.7428366464526998
0.6424703245247759
0.28011169318367946
0.15164632374131223
0.8288613803621195
0.8563765452322908
0.3683479976594089
0.6558345309777075
0.6596438106614902
0.7514729882056995
1.0
0.9478654480514269
0.9087007613403255
0.8627822550946274
0.8600283229673281
0.8627822550946274
0.734685856835418
0.6195933741224421
0.7344147730643098
0.6938787501877485
0.6871858785199773
0.6784430819448385
0.8903013714368223
0.8947709954940569
0.8905173789313655
0.9188378342413955
0.9315636502187039
0.9100770460791605
0.9521522598878547
0.9641785230412196
0.9294860058640863
0.5413195705881624
0.3381922593928387
0.46710355909136475
0.6502508145982647
0.538727565132311
0.6353463841694982
0.9383688213901841
0.7798760262870266
0.4638827137435506
0.4550544404957191
0.42111132802393747
0.3842194868676676
0.7255927817341834
0.5160370282328871
0.701754058937516
0.397236495360501
0.40622400765666034
0.4668768442998564
0.43559694467234517
0.49019610198256847
0.42501008128606155
0.6889843105984879
0.7139843105984878
0.5764364797390427
0.8287605483319196
0.6655039987128227
0.8273619599526503
0.9841974283224264
0.9769983940458644
0.9653924839592141
0.852604097104445
0.8303605181210456
0.73459497003466
0.7676726342916951
0.8859434870605918
0.7679379468298555
0.7285059545428001
0.6671292174508999
0.5656558131185698
0.7407049486056243
0.7407049486056243
0.7498293818693036
0.8617369847273361
0.8495077099344229
0.8764358175141908
0.8876319995278046
0.47764434688192725
0.6629888319151985
0.5098364929015151
0.4876080844498976
0.3898270596499345
0.4649150236997971
0.4649150236997971
0.4649150236997971
1.0
0.9598937238250804
0.9239934613332926
0.6153293915072126
0.3568572297027619
0.23387874354501298
0.5891369236765104
0.7779948438288511
0.6081442530729644
0.7920071005784719
0.7877107762763573
0.7920071005784719
0.8780333786535521
0.8610178041992897
0.8676906372396578
0.5239630401599031
0.3801648824472645
0.5151845213628624
0.7832815598275228
0.8747754597371553
0.8423710540005046
0.7183984981638873
0.7327711438639051
0.5279574430867535
0.9163981862550641
0.8342103496519196
0.8568746686427201
0.9151374989311537
0.6745336768923212
0.6704533425186543
0.8902533534785839
0.8902533534785839
0.8155684695602895
0.9634024318950539
0.9634024318950539
0.9544857313226168
0.9696539556676025
1.0
0.9532596237852993
0.3685600938201866
0.3685600938201866
0.3664836475408266
0.7933281373719162
0.6730972425684862
0.7933281373719162
0.820347942419324
0.7688615200883163
0.679569944834949
0.9857857938541994
0.9101942591580907
0.8149117321500985
0.5096462923462901
0.6837378146559103
0.5334151347766087
0.9264249182914449
0.8477025745195557
0.8069085382809443
0.8360736774420163
0.8555614001431159
0.7391144654404505
0.14273251702597112
0.16615876969821453
0.2398518711212864
0.7565157717654472
0.7434743444126323
0.742732097654624
0.7990632224229621
0.8131899642558101
0.7969231848343511
0.40354583673241895
0.8251279376516361
0.6029221705329144
0.9746892192662753
0.9746892192662753
0.8442247382796904
0.9039068424721184
0.9039068424721184
0.9039068424721184
0.5005818185567525
0.05195876364331545
0.05195876364331545
0.6235998086113336
0.6255094841849597
0.6235998086113336
0.7846859662825718
0.7485256415558031
0.7977232435178987
0.9459663914545153
0.9459672561202921
0.9459663914545153
1.0
0.9809709351753446
0.9780888547759838
0.4797423213866026
0.4318977892540072
0.4070936432488699
0.8103380746165413
0.7929842353953128
0.7675386461696213
0.5793817797252276
0.5867315282627189
0.5784836530938199
0.5789359075101589
0.5734523592388088
0.5415649193619826
0.8615195817303336
0.8286432771423422
0.8534234068425643
0.940667224012745
0.911415801767415
0.9281781807746375
0.3951021315062595
0.26516413924933946
0.32382154653634765
0.7274047941957066
0.25286297340893593
0.6389809566517212
0.667706559893033
0.667706559893033
0.5677896360976968
0.825104274784868
0.7872871294549282
0.7956925100789856
0.5330132308202662
0.5074505717808782
0.5330132308202662
0.23746296353293095
0.2573403315072813
0.2573403315072813
0.7923221006969481
0.796129408309201
0.7220803703397082
0.9867233755766469
0.8558600792613564
0.9733571090892074
0.8882700838163213
0.7444967446570023
0.8816194729688825
0.8908966166851537
0.8908966166851537
0.8908966166851537
0.8734850663769889
0.727432262652897
0.9344046262403183
0.6771486558300649
0.6896224639991531
0.6539081782848674
0.9046210739993965
0.9046210739993965
0.8805229870226631
0.3902830218289144
0.3902830218289144
0.3873884222647569
0.36266261145978185
0.5184365226256727
0.5582143263810257
0.848284604305107
0.5349648718788937
0.5328813348582324
0.674161108108789
0.5760861714078822
0.4413216259358539
0.7527899654079552
0.7394197893974306
0.7260966033335816
0.8542458957924484
0.8464277637480473
0.8464265400041244
0.5728117603587681
0.672448529945789
0.7327605839037059
0.9301324507987234
0.8000397248436383
0.8290277515575671
0.7679911785543354
0.7633991841565575
0.2333074074417058
0.6383706768444581
0.6084525114779605
0.6292356321326152
0.812858791935086
0.8068127525507061
0.5179126063839382
1.0
0.8834959815939128
0.8639054588256811
0.8280096857829541
0.8167647221862587
0.8167647221862587
0.9752761039283759
0.9378326997033475
0.8166467205502921
0.44909258331904567
0.37012374190700664
0.3551664952024084
0.62506381149841
0.24787063453758434
0.3396379458000274
0.2591172953524087
0.2591172953524087
0.8079083435814682
0.9195675866308884
0.9195675866308884
0.5423187881611328
0.9410087250283439
0.758867779212724
0.9409497574828073
0.8873769377243269
0.7018753993481426
0.8739488290076155
0.8531248953125459
0.7866481088438155
0.4951093655171749
0.974387719823664
0.974387719823664
0.44592663320764664
0.5014452729517522
0.49833016756217247
0.49833016756217247
0.5390989101520967
0.6608721811517807
0.7062865775698399
0.6902219147847003
0.6902219147847003
0.6902219147847003
0.9660898620910937
0.9660898620910937
0.515430603694135
0.9322901632161398
0.8466870682567506
0.9296392112882728
1.0
0.7225459572379472
0.7225459572379472
0.956594831199459
0.9405404183450572
0.6231922174341352
0.5212536892504387
0.3652349916735903
0.4266102497095463
0.21460132545251917
0.4957084136820924
0.5341699521436309
0.7898073668151944
0.7075308319770267
0.6553381000118005
0.8005819070271214
0.8043196756358086
0.8005819070271214
0.4712388184138232
0.4262036519714875
0.4763963796302662
0.8845959683334901
0.9316418026493624
0.8773494285531918
0.12409106124614117
0.10684845702300158
0.09339996122853592
0.8168512860044933
0.9172667519862165
0.6173815647594921
0.663702712064268
0.6280999945746959
0.6274683564209984
0.64875023942467
0.3952063882334716
0.3836172094411213
0.877177040486617
0.8509899083278709
0.882851466196237
0.0631062911501314
0.7198989263792004
0.7815748497397011
0.44069391535779767
0.4996116190801392
0.4459510114340452
0.6634005009024612
0.5652159235682873
0.6634005009024612
0.853670416794311
0.8510922868134922
0.7730671776956106
0.7673679564124419
0.6059167407303525
1.0
0.6666730922809931
0.6630767119390388
0.6630767119390388
0.9810296914408054
0.8324083190360017
0.9584307113797166
0.9268042329017634
0.8027795612596117
0.9473752700652696
0.9076946111144266
0.9076946111144266
0.8434395994835324
0.5755216227034039
0.16510888528125456
0.5859834516137895
0.98370168603041
0.989049304063914
0.981105482944137
1.0
1.0
0.9067959099011568
0.7862284804735544
0.39973149006213127
0.3719537122843535
0.8886713972936738
0.813516056844815
0.8328531328379317
0.877313950066428
0.7487727824522967
0.10192911561151571
0.9714181963061841
0.8270633906535045
0.8271297000853007
0.7447179600931884
0.7447179600931884
0.7447179600931884
0.5686773395462292
0.5525245617073776
0.5619148235470595
0.7328763717125591
0.7085860957394351
0.5982421372591191
0.8022414240745656
0.6985441168263865
0.41938496681899773
0.7707476320209876
0.38087783411038534
0.6016800427493623
0.5175868278924262
0.518662718061481
0.5256342852619483
0.8157502424892297
0.8157502424892297
0.7125385231866266
0.5899906175191433
0.53492555752915
0.6000758473542145
0.5060195686237736
0.5060195686237736
0.43805234529677134
0.8485979697115874
0.836040014313444
0.5979429692473912
0.9145545920016941
0.9200040178841128
0.9200040178841128
1.0
0.8649855179863336
0.8762246829257659
0.6479229312716268
0.6821247395377115
0.6479801850558222
0.5767179887112407
0.5205026901588796
0.5557322394008841
0.8055722363080989
0.8132361704864349
0.8243296904770804
0.8637535604201754
0.8637535604201754
0.8765681429419587
0.8854253545349301
0.85002120720788
0.8411270552857286
0.9810414025212499
0.9441547736545933
0.9680991166597803
0.5044756687750792
0.377831078372842
0.75
0.7692735366633423
0.7326328544920424
0.7201328544920425
0.9202729074596283
0.9202729074596283
0.4685959015634191
0.9590887915650229
0.9616566794830568
0.975147342626876
0.9663405999720011
0.8495393335497735
0.8326824957815034
0.6813354984985281
0.6361520174366874
0.6799166753110092
0.5748995111770305
0.4761572946129257
0.19348208601833372
0.9403388225821171
1.0
0.9329361000552792
0.8382441577470506
0.8269805642948063
0.6976369457343529
0.8625214246787491
0.782364673308647
0.8396601898981129
0.8885414471998165
1.0
0.8475903220896078
0.46555158673806574
0.46555158673806574
0.4614062111332625
0.7488246693001981
0.7729899326434874
0.7642762997665621
0.8988376971696302
0.8764516869548853
0.8988376971696302
0.9330416588135915
0.8589462025560591
0.8172744283751239
0.399138980727925
0.4011961313426323
0.36731800786558344
1.0
0.9808210967319421
0.9808210967319421
1.0
0.9139830366280237
0.49263058279927374
0.7702628126922474
0.7702628126922474
1.0
0.7421344016589515
0.6937707612571588
0.7414062563563804
0.7679845170115192
0.39699422751225916
0.7372624265130093
0.5778152525166134
0.5777373719815708
0.5778214223837506
1.0
0.9877674853892573
0.9042612589489095
0.9688936113657038
0.9688936113657038
0.7577865674390687
0.8323497540986111
0.8323497540986111
0.8451338579291187
0.7575541219956659
0.7575541219956659
0.7575541219956659
0.5602061969680316
0.6396680829888801
0.4497746008965767
0.8870147083401142
0.8608088842685916
0.8608088842685916
0.8409417899173408
0.42134859067162045
0.42134859067162045
0.8448573017544606
0.8448573017544606
0.8628739843953486
0.7552459118589226
0.7537789801558911
0.08075431278394343
0.50365917019941
0.5628741526707967
0.5041507031520933
0.1017955854139018
0.1017955854139018
0.1017955854139018
0.5745860570382033
0.5710482874374581
0.5710482874374581
0.9162583963572347
0.675817319627357
0.7091506529606904
0.3794159962953958
0.3794159962953958
0.3794159962953958
0.7336720037100317
0.38372635499242674
0.7360205434537407
0.9078404488457095
0.8904905065203351
0.8780482247418219
0.6821637087002822
0.6578041972813733
0.59931980224087
0.9097385227776462
0.9061309589232485
0.9097385227776462
0.809793470353706
0.8298476452887
0.809793470353706
0.5347389705954833
0.4189909329903547
0.38553049891611946
1.0
0.9886901351586689
0.9852892842666343
0.30861379362402747
0.2890954964814806
0.3605005859249149
0.8880173232355902
0.8207780123615377
0.8880080505570033
0.6488862826949797
0.6256942177399779
0.6247205158141966
0.5269229869983855
0.5373513140812747
0.3730826770788689
0.8942485975721415
0.5302407626660419
0.4047151906838031
0.8062513281822886
0.7444141561691299
0.8000701286614833
0.9138394349344123
0.8856572371985971
0.8566134169244725
0.8236963683836491
0.8123327320200128
0.8029633132864171
0.75
0.5080877817243579
0.4849635796861848
0.47702031473026124
0.24621659301160304
0.6669102117910838
0.9095606330379766
0.9095555656292055
0.888619602606434
0.9376284020198226
0.9350682925290054
0.9376284020198226
0.834399334930128
0.794862200630734
0.8264185433492781
0.8470964310564928
0.8470964310564928
0.832035850326953
0.8562173442996396
0.95523858101858
0.9170565359088247
0.9058293666164163
0.9205352489693575
0.9058293666164163
0.9290724359277658
0.9290724359277658
0.7198729150493974
0.4335242249988541
0.4001721330280158
0.14349214788263281
0.8992240358299489
0.9184863046224745
0.9184863046224745
0.7884607042432842
0.4472528812355695
0.7889966030530614
0.9703351918648951
0.9516782143813878
0.9508574430682049
0.8075347078897755
0.7879399906530343
0.8734497054670438
0.5037883109633795
0.6018430795263506
0.8056055415190344
0.825599078352495
0.8137068024288443
0.823720575834955
0.6088033143433766
0.6081150938937333
0.5842610128572804
0.8394852460379406
0.8360497042911409
0.8592751116610033
0.6016754045515311
0.5560989276235395
0.4644891023070017
0.8673515061305341
0.7411335281681535
0.8673515061305341
0.8664590931277872
0.8664590931277872
0.8664590931277872
1.0
0.9197657993089071
0.7970639459983695
0.9163217822147729
0.8939207552503506
0.8914899938763944
0.860505967894343
0.5728490873591716
0.5751197805344958
0.8654544735272096
0.8632415538096306
0.8677293155006203
0.9493439242539181
0.9108515061412529
0.8121146262193786
0.7062524954360244
0.7084307980203881
0.7062524954360244
0.8871393603385951
0.8871393603385951
0.88999880042706
0.3082284784923511
0.75
0.539664994603248
0.7163617373756656
0.6798396879826294
0.7168545467358395
0.9792146168262167
0.9701304037821733
0.9673625053328581
0.979586152858251
1.0
0.8755130622647027
0.8777214025020906
0.8565466066376435
0.9499314752600011
0.8348987599950755
0.7486521767833768
0.8085802689025036
0.9549730768149712
0.9549730768149712
0.6367853756999687
0.7226369457343529
0.7733207212996152
0.6638117413392975
0.9616256285427188
0.8890935546463127
0.923087110782046
0.7316330704048135
0.7457589925008945
0.7347636565219544
0.8544718305522475
0.8716322403934104
0.8719570121193961
0.9792669373770291
0.959065147342764
0.740530475544167
0.9761359013724035
0.9301548159772738
0.4628551579410845
0.6737341124112058
0.7599409859615943
0.5625882073015676
0.4826674335954537
0.4745453606511538
0.4745453606511538
0.9068345502475279
0.8879054580339696
0.9046912558606994
0.8813170007133186
0.9194507995553165
0.8785285691736229
0.40272294741489933
0.3638844013857958
0.3638844013857958
0.799906984194223
0.799906984194223
0.799906984194223
0.7727224123452504
0.7795167363565769
0.7796093007451657
1.0
0.9906759566083845
0.9836508702882639
0.8961042562328717
0.8489425621476714
0.9045844145322351
1.0
0.935376635691936
0.8972995686167109
0.07775765780570026
0.07775765780570026
0.5463504364657656
1.0
0.9041430996893373
0.9041430996893373
0.6783843011464411
0.6882178780842231
0.6784278083810192
0.7132655856279136
0.7132655856279136
0.7257655856279136
0.9583298974413805
0.7596579533775956
0.7596579533775956
0.9055655729962299
0.9711282328646424
0.733925301967045
0.5200769070692827
0.5377261769491264
0.5284218963502524
0.9113681092756099
0.9113681092756099
0.9113681092756099
0.8160403365106426
0.8050451798516107
0.4878633842902369
1.0
0.8690847534901871
0.8808091250001894
0.9129875395375262
0.901457970047377
0.8263870322111212
0.5009268094850798
0.42358974603319044
0.2620356858658654
0.7465027656621201
0.7497829983084303
0.7465027656621201
0.8202841933584466
0.8599454849208377
0.680396288914298
0.9039241763231906
0.8994317560463374
0.8790005065979641
0.8008445312086216
0.8008445312086216
0.8008445312086216
0.8046952708619866
0.7784549185892569
0.31142568993989983
0.9629202041379032
0.9548056792882321
0.9547660652656038
0.9520239027735755
0.9549608936511145
0.9520239027735755
0.9675445041745229
0.9675445041745229
0.9581572743207111
0.830151932662087
0.7958157286152081
0.7922835268335404
0.5878527299626514
0.5620320701373904
0.6997713628392359
0.8044696550512631
0.7919098595156798
0.31932868219542443
0.8933756775204853
0.7648265948469568
0.8763048058411316
0.7486319790457788
0.7486319790457788
0.7486319790457788
0.5753160379591259
0.7162484853893213
0.7332545623397463
0.9374234151597969
0.9347781194166427
1.0
0.23176468345619627
0.23176468345619627
0.23176468345619627
0.5930663952652065
0.6371839886568507
0.6399724449033554
0.8932951442721366
0.8096943400501976
0.7934202257768412
0.7439560544416436
0.6623214460939979
0.7193634961318437
0.8160520093592818
0.8038296520870367
0.6616662111554042
0.6465874469565717
0.7243250066438817
0.6471550071936798
0.8483675845059192
0.9111676719402689
0.9035465282753312
0.9260247674648379
0.9012338341381826
0.9190434413661738
0.852070729392322
0.7333772732245506
0.848185623083705
0.6430340828405691
0.5646074972379679
0.6423532682859399
0.6819486002308789
0.5981116247787407
0.1475225486129111
0.7343765965102693
0.30824456903443903
0.2930424965139186
0.6819612036973781
0.5494690949407447
0.6783283617038502
0.804704186152266
0.804704186152266
0.7816863167636829
0.20874767877711708
0.5248247551122711
0.11342355971586678
0.8900377779512543
0.9184522640664009
0.9078345650459038
0.429789975412476
0.40082243936855444
0.4312432497529901
0.896202277811474
0.896202277811474
0.8643093812698175
0.9305139247800795
0.8727741190394959
0.9817393400530351
0.6178132862272451
0.5907221389859851
0.559533762547866
0.9568287480359667
0.906915635783916
0.9376265044049424
0.6171055001322499
0.6171055001322499
0.14894568717695278
1.0
0.9622673662057827
0.7718123008049602
0.9752523104300957
0.7960560543132565
0.709710352599367
0.9510699623823036
0.948475197430183
0.948475197430183
0.7339941866246029
0.7598869016384256
0.7084616192952387
0.7922269098105986
0.8092652813654252
0.7922269098105986
0.479701208547359
0.48767884578178666
0.75
0.8639472443501135
0.8674464989147458
0.866397411653656
0.9399209453582231
0.9399209453582231
0.6586070063762668
0.677029553029262
0.5529677131765991
0.5402175819162599
0.8477258122415555
0.8477258122415555
0.8477258122415555
0.7370953482433416
0.7295133966061319
0.7370953482433416
0.5520930841750147
0.5055200722506688
0.5583247947647415
0.5936145911758484
0.3789465271981936
0.3593367136065577
0.8960948204350115
0.8442374427127735
0.8180432646288087
0.7777709138301367
1.0
0.6968037931701379
0.5017004819545993
0.5520968447902126
0.4752197035365447
0.8143594197658269
0.8143594197658269
0.6604838679308475
0.3157370478504392
0.5784300140001861
0.5185392341498101
0.756594914013291
0.756594914013291
0.7366445031294897
0.40309528836303254
0.40383895950665527
0.47787665085226616
0.5817325795919227
0.6392739067631895
0.5870803579437531
0.5308889804825374
0.48199125753263194
0.45817140171177667
0.3810021072915767
0.41515953900469604
0.3810021072915767
0.9063246755787967
0.7953233828852665
0.8009442263442732
0.8508474597206823
0.8011679709867116
0.607969898399325
0.7535623084021864
0.6735883591217824
0.5021419662197378
0.9126074991019655
0.872829892942322
0.8771432687541518
0.7498600901743521
0.745367668565858
0.7241047971008188
0.4129735370168503
0.2967532594825047
0.26584532895365
0.9853308372204457
0.9523223364455602
0.9762754791029528
0.5903529592573639
0.5892032532061529
0.5859033196605751
0.8765239340095652
0.8765239340095652
0.8787388845214847
0.6040739083597526
0.6005173791845138
0.5975994845245903
0.4666878981025616
0.366150723456236
0.32620021678786815
0.7819282578862694
0.7810401254028123
0.825428511480965
0.9006478273949798
0.8669200608847178
0.8626958657993584
0.8331017508450261
0.7070975309969677
0.8303325189123374
0.9011668445052425
0.8850712450776511
0.865536288727386
0.642242872529579
0.8481173778193333
0.6450291407134092
0.905457189881035
0.9024109536082981
0.7624513485428444
0.41252794260443854
0.5920195973571929
0.43541005826707846
0.7797119989713651
0.7797119989713651
0.7797119989713651
0.9019117158057515
0.9194205916877037
0.879613893748875
0.9030895703954266
0.8506679120557175
0.8793012016125132
0.8506574207616224
0.8653887215027759
0.9488424199194951
0.6715772970115724
0.6943805810253348
0.8835703402639625
0.6806014563517446
0.6806014563517446
0.6806014563517446
0.7967236850819549
0.78427901130149
0.7208424099825194
0.7771276296071084
0.7690251452263539
0.7624337958280586
0.9165066673670481
0.8988997977427354
0.5991122962160749
0.7064129478135579
0.38762694377228346
0.6959387450194896
0.7987436728833206
0.8684546338566006
0.7986737121765746
0.9137658015700058
0.9102972324515882
0.8999241948234651
0.9216063727095756
0.9182045514539012
0.9186596560041955
0.8171925288471171
0.3505158712384217
0.3331520003519035
0.7423930335893357
0.7628815507502591
0.7563526086673062
0.8229223307731921
0.7888806655831899
0.7595838469345922
0.8077658292783881
0.8077658292783881
0.8244324959450549
0.4782106732535765
0.4157106732535765
0.4782106732535765
0.052821030733743085
0.052821393615808745
0.05288459891883705
0.6031829502066065
0.9675253403106031
0.9466881302779973
0.5262403832078705
0.1766998051810893
0.39926073672098483
0.8706750164536722
0.7490881009634045
0.8706750164536722
0.5289900699717808
0.5220891999505509
0.5338060099136642
0.6071439976570037
0.36378398126988726
0.2709915103090251
0.6987330604370097
0.6974349035759849
0.7020433942512
0.6893138009869957
0.6893138009869957
0.6893138009869957
1.0
0.9170272698709238
0.9813822494900254
0.22233224887932085
0.2966568061905402
0.4025371513769329
0.8373908608432742
0.8489871327945081
0.8434523818240776
0.8008585278345614
0.7124995679836534
0.8008585278345614
0.8446390338812972
0.8354446272196028
0.8023261907546058
0.8860895848169951
0.861089584816995
0.7906940931079245
0.8153446899395865
0.7149615103567302
0.7030078710156132
0.49088496248729274
0.4128143373066668
0.48379611475774836
0.555543068335271
0.5642585704700332
0.4927788503999625
0.9873843707630354
0.7460224641690141
0.9795009919745762
0.8765389587073493
0.8245735852935598
0.806792865426704
0.8034595446214788
0.7577225010002662
0.2837600132070888
0.6496576405106121
0.8649318330945659
0.4787120448193547
0.8922048701102749
0.8922048701102749
0.8922048701102749
0.6702873883497358
0.6169455083147507
0.41469365712781425
0.9768184067043815
1.0
0.9159287290918579
0.2781015067802836
0.2781015067802836
0.2781015067802836
0.9261773499815948
0.8265848204040178
0.8543625981817956
0.9009290185043164
0.7228581379252811
0.6944114022266517
0.8096944804622945
0.8413472021646113
0.8068644435439216
0.8838894929527755
0.8673017495817739
0.8236506491539514
0.44073229017483384
0.43424542696727375
0.4078413913883261
0.8388588013345631
0.8388588013345631
0.7853182220932055
0.7340086393608649
0.7340086393608649
0.7537412712177827
0.8088134627333635
0.8056592517823367
1.0
0.48649570389160646
0.5651640957727019
0.5247470667968747
0.5544200587590522
0.9506509604318665
0.7860839936654453
0.60074122598277
0.5225555980678825
0.5962402843699937
0.6256752480350576
0.6435323908922004
0.7662849857664392
0.7009362119709006
0.7785275339856732
0.6849954873983304
0.3357199718328744
0.3439675338891755
0.3354227753126856
1.0
0.8820728862620364
0.3268501749153377
0.8933360226139572
0.8902755982707257
0.8801736069236905
0.8887459056730105
0.8887459056730105
0.8130877183599079
1.0
0.8768051445897533
0.9838223906877891
0.8662858684865947
0.7781617569403343
0.8666006371168778
0.504321335716843
0.6310382849927684
0.504321335716843
0.8804376137348233
0.7212333855411038
0.820973262673288
0.5830092485381465
0.329681988589021
0.652676704528635
0.9038658221296321
0.8289203898190806
0.6938896450873648
0.9464387752845055
0.9491826383167934
0.9437562421478038
0.8606629926271799
0.842805849770037
0.8606629926271799
0.8322260712059761
0.8601200121638403
0.8325502748762288
0.0571397994419655
0.0571397994419655
0.2800059517342648
0.9271076988641065
0.8437743655307731
0.8437743655307731
0.7556844884487615
0.6433181541314003
0.6617288315491234
0.6400436341530185
0.6304282495376339
0.6313375888845669
0.9346000914665092
0.9169566213241139
0.9169566213241139
0.949279258349352
0.9265180522129771
0.1092858709440829
0.8045178359400414
0.7874070609237576
0.7874070609237576
0.8500064650077703
0.8270941991916185
0.7323497223648512
0.7002809722100941
0.8091930037857566
0.7962743300518116
0.6206882335724528
0.3141953687864842
0.4585928963364612
0.9226697201497516
0.8335964994863271
0.8668557636366789
0.8975502175787926
0.8975502175787926
0.4767933957510248
0.8810662989844211
0.899318676071804
0.8122507287675368
0.9169450146707124
0.8224837710207588
0.8846514405992003
0.7885339828031341
0.8016462406286111
0.3701718388953145
0.5862434559209274
0.5045257519164565
0.5045257519164565
0.922677855063254
0.922677855063254
0.5212135643683274
1.0
0.9917413446449124
0.8045002790927336
0.9590642120706826
0.9431533698074857
0.9431533698074857
0.871996041171613
0.8325214551633802
0.8769794099858532
0.9236616799925657
0.9236616799925657
0.6812186969515743
0.5816271403012077
0.6083481823852885
0.5828917466160357
0.5153064679773518
0.5153064679773518
0.5113119745219036
0.931920877467115
0.7658835858041514
0.9252702666196762
0.645065624313831
0.6910763235576363
0.6155049014699442
0.7828241256068034
0.7746901029723052
0.7607410800679146
0.8932951442721366
0.4925560761645133
0.7951892628666303
0.8055041312709579
0.8277187712578823
0.7758187945926793
0.41262855249889574
0.4148214827509973
0.75
0.8810876481493026
0.9579216572710331
0.8810876481493026
0.7888885262647592
0.8146719897139851
0.7869464545936082
0.6021500345146891
0.6335610876267757
0.6283752198403296
0.9581796742430422
0.8569065286455414
0.9581796742430422
0.9075224353889402
0.9055590007973968
0.8767875855573646
0.9722638496220717
0.9052961428683532
0.8187059177226914
0.33337129813632294
0.326925847327325
0.3328820881989255
0.9653914171385695
0.9827716695277393
0.9299843185973196
0.7722713815748583
0.7292404808720404
0.6576669953921244
0.7233247447037766
0.6449808139484496
0.6445077087177089
0.6812208919161298
0.7098677305072361
0.20165462099768097
1.0
0.8864710222651122
0.8529423427384364
0.8386687481232868
0.8386687481232868
0.8386687481232868
0.9841849350171756
0.9509561219787566
0.9244632694803278
0.8403924123944176
0.8021436921920189
0.8629051677518884
0.6061730181659402
0.39748585829767225
0.43705525767476006
0.6820450482029691
0.8008763895902944
0.6993542864247047
0.7460518789288333
0.7460518789288333
0.7460518789288333
0.47283135852393343
0.42846065802573025
0.4283125361101641
0.7417163758663172
0.7417163758663172
0.3635154076380119
1.0
0.9833768828693926
0.9901523758876938
0.08201979027982927
0.028566702317707946
0.08201979027982927
0.8978231275816746
0.8945347339011525
0.7242045286722208
0.843779318772997
0.8379021091610899
0.7513686613447981
1.0
0.40831224891422446
0.5580558847438325
0.5425644785299082
0.5364997079347675
0.5364997079347675
0.7150922033353273
0.6518259029448761
0.40096608177764814
0.8651096300753217
0.8651096300753217
0.8651096300753217
0.1395220984547278
0.17431964714702056
0.16950492318215513
0.4186347820580504
0.5216016547305802
0.42040961300066754
0.8571328899599852
0.8548652254637161
0.8526450611936514
0.19583407890059198
0.24158712309668218
0.002109371095491599
0.598439182043874
0.7698426110303213
0.7698426110303213
0.5659330299674974
0.5640790160346097
0.15841484326496696
0.8144661663003014
0.798505245318714
0.6858570605042658
0.8324360049742274
0.8324360049742274
0.8267785817232168
1.0
0.9883103566685649
0.9099389279792793
0.6798390949517362
0.7612839795974352
0.645961492844941
0.8837623441039859
0.6333685447489741
1.0
0.3181424606715405
0.3181424606715405
0.3181424606715405
0.7856041183055246
0.6529911947947472
0.061952174563782665
0.7566687330878825
0.8229093090505071
0.7566687330878825
0.7361647312590529
0.7342601532215558
0.4564552628135698
0.7164413983906737
0.7153773936890724
0.48290904131719053
0.5509084283886897
0.6938922128005371
0.5809743070553177
1.0
0.8120912961621899
0.9131386127524375
0.5954122636883981
0.7909308312624457
0.6010416722382107
0.8836027190211478
0.8804572850411005
0.9230537504526116
0.8148304197978664
0.7501681237272481
0.7501681237272481
1.0
0.9646476798297031
0.9773609548199091
0.8656080130514062
0.8676100271301924
0.8133793035114837
0.47935238600220437
0.44035988425802314
0.3593080646756902
0.6776644327756607
0.75
0.6304370162215067
0.7864893027456236
0.7745911181757867
0.7888836226034863
0.7293296349574361
0.7733801989655117
0.7311509515398877
0.7976445347557238
0.7976445347557238
0.7572018241848221
0.8525640673732131
0.8525640673732131
0.8525640673732131
0.962453655835612
0.9583768443809892
1.0
0.8656835122972528
0.8590525688913414
0.8633802373276578
0.6094468887475946
0.6020149145122375
0.6419423015947062
0.8514019521066631
0.763824122248692
0.8491200134201228
0.46066771177649807
0.40431351613187727
0.451725037464271
0.6164805666411388
0.5112592096281359
0.5191126775786018
0.8382684864655374
0.8382684864655374
0.8365268032497166
0.8325874836818922
0.8114073001919413
0.22577994069318302
0.9507068058490397
0.7907599493525069
0.6779487702453656
0.5071920735305587
0.6741477591772055
0.6603563571515945
0.9166318045184021
0.8912550331635711
0.9166318045184021
0.8424462229374001
0.7928310002266972
0.8241773815714843
0.8041160159310414
0.8041160159310414
0.8106155722948911
0.509782267976444
0.5135943568425034
0.49679527495714104
0.737136620769069
0.3463498868533319
0.042490444861636376
0.891285310685083
0.8343081961920088
0.8311212538588792
0.7703174212998274
0.9367970708225403
0.8988581361341652
0.8715904072952232
0.7928268216332931
0.6466137929465646
0.885106107415429
0.8732259355746887
0.885106107415429
0.32381846520296187
0.3314084084959853
0.05854966745590487
0.8969193947504553
0.8656693947504553
0.9294980604147524
0.9517478943989048
0.9494801595638747
0.9374552499464485
0.7776288389867612
0.7666588996445677
0.7636485911233052
0.9546241200534065
0.9323589836868451
0.9323589836868451
0.9009584364582043
0.7113690024238127
0.7174948691019117
0.8345039692043648
0.7881979422666217
0.7696734472911929
0.8787834384769353
0.8344744782305576
0.2246383439018665
0.642160496777459
0.6842110236462853
0.5380192194217552
0.2593677605538965
0.7652100989364349
0.2424872794174208
0.9798261336627121
0.9692328649474173
0.8969228486954159
0.7512380593038126
0.6236977073579462
0.5879834216436605
0.9625908728857302
0.897398433928297
0.7986564313888638
0.6992221601988182
0.7801775180520485
0.7801775180520485
0.7641878067408298
0.7420255686924506
0.6985762654959367
0.914568173455512
0.7489292975526977
0.8513352071718863
0.6231394904331757
0.637758189013276
0.7560740542505018
0.8801344833485863
0.873968525047386
0.8840946045981961
0.9056357906034527
0.8213526773990352
0.905631578171394
0.7970163109629533
0.7856452848603249
0.7843947311996623
0.6084579040805944
0.5782393462514305
0.20691087505596417
0.7675637040544645
0.6839846027126184
0.8722257090739235
0.7127212363537232
0.7169380446139315
0.7169380446139315
0.69101091994623
0.6479223218788472
0.6057283317407178
0.6033287189284848
0.8023300764305676
0.469741248751958
0.8386875942843207
0.834965021560009
0.7764376873249916
0.8088254246484654
0.7942884869983011
0.7798963521310691
0.7043741602606799
0.6589000836713623
0.6783115340243866
0.3785091283599995
0.37870803748409626
0.3800419681986136
1.0
0.9854316673499628
0.9558033431654893
0.4452798517133809
0.4424335056151326
0.4397947015404491
0.8639666537090147
0.5876632007481287
0.8302124601758372
0.3619287651701377
0.31972744695248745
0.3220896817539209
0.862672790952036
0.853493524457468
0.6089326696573719
0.6808551705202484
0.6827948556416221
0.6802442942217775
0.6787931245061631
0.6787931245061631
0.6787931245061631
0.5842724567258942
0.6077740173404163
0.6264898923423667
0.9076210280977621
0.9076210280977621
0.9076210280977621
0.8493179609271683
0.8493179609271683
0.19411062813994467
0.8151620263146676
0.8004561439617264
0.812007493164378
0.7219844469781251
0.7283428761074492
0.040515317141896094
0.9491720434307414
0.888195517384421
0.6385555099659386
0.6980815537995616
0.6481150546562253
0.6946944432711251
0.6110834322808998
0.61064977619114
0.24975199067982923
0.5568069239245352
0.5659418836753485
0.5659418836753485
0.7514594600807758
0.671411021541862
0.6536019571866599
1.0
0.6638662408826371
0.8159034571476969
0.5404963628500405
0.3662765476893173
0.22888098799246534
0.7189801523519235
0.7189843031286003
0.6682403268613295
0.855505123221568
0.8105796969874947
0.8251621467619521
0.75
0.5231167738628
0.014331426733054667
0.6754427550823451
0.8634508137257337
0.8634188105617817
0.40251025359146364
0.3983568113134292
0.623526416523166
0.48144702183183974
0.46104705087197867
0.4702146490361441
0.35585646837820767
0.33055999773413336
0.34064103990631395
0.856297748489547
0.856297748489547
0.8540781256268616
0.7326761911753382
0.36758986385015774
0.4679287258101347
0.5622785608635071
0.5265642751492214
0.5622785608635071
0.8455744507765856
0.8182707593340808
0.807886084420789
0.7003346563361094
0.6169315757949789
0.7612437450249667
0.4323445889048686
0.4993603299265178
0.4993603299265178
0.8417587554528291
0.6666158847344411
0.6490387262430126
0.35333725150539724
0.35333725150539724
0.33989822454444074
0.8026744161051383
0.8026744161051383
0.8026744161051383
0.8864739694129489
0.8842310257451971
0.882046740174542
0.6459783051028819
0.6428805548744742
0.634107403662393
0.8491393301577291
0.8554748173068634
0.8511866475242402
0.8101925534253402
0.789359220092007
0.789359220092007
0.8724023321556522
0.8724023321556522
0.7382219071041316
0.7346386693154074
0.7563872718344302
0.5584575201233244
0.8107533848330493
0.8107533848330493
0.6965096367446476
0.8535210036555148
0.7911993791926936
0.5087928857018674
1.0
1.0
0.7240117072219256
0.9267323720451696
0.806290460666549
0.0006254461275383138
0.3431497506494304
0.11204435919336742
0.7415148912083536
0.6961717434605734
0.6610516353194444
0.9066432568149391
0.9026108359491338
0.880669912547423
0.7533056623305274
0.7605665147792967
0.7624930719216393
0.7625669700540547
0.6792969966377267
0.6405775195341806
0.6307475030638902
0.9081217959234402
0.8773834627392085
0.8773834627392085
0.5785399669385038
0.4102707504805818
0.5788481710372464
0.4247704798852344
0.6706570645778474
0.4350313010568673
0.75
0.6782778841516303
0.6144558488538163
0.5456207489480742
0.4716480903553338
0.40347806582027534
0.7380887566015837
0.79270587890132
0.7345008848562723
0.8471779943293898
0.8008438832274228
0.3180379671353312
0.75
0.5089941566703807
0.5089941566703807
0.5894239881145782
0.5843616771589385
0.5894239881145782
0.6653247930572467
0.8193679190176655
0.6155141462425399
0.6319948616516673
0.6313326440517132
0.6313326440517132
0.9209824556142908
0.8995884277713087
0.5839933527775207
0.9035812666698635
0.9035812666698635
0.6453109137712382
0.7970414293549566
0.8931743217559652
0.7995275388855041
0.8853006344094316
0.7301178616795458
0.7272613071226766
0.9342697127292363
0.4524706870395653
0.8788406331233717
0.9312004091814694
0.9101628565473969
0.9245656621886686
0.034109254585401275
0.034109254585401275
0.03637311787111377
0.8947361312561077
0.8279381133005826
0.8946691263488014
0.5984205369578057
0.5953479058676101
0.5984205369578057
0.9166709858879467
0.913677638997368
0.9005060930145863
0.9612177281402347
0.8728035286270628
0.9457201952937294
0.8453211671109531
0.8453211671109531
0.5291371986720179
0.6981534142399886
0.6008613374597189
0.7031144975376681
1.0
0.8115233215658545
0.8115233215658545
1.0
0.978276291552334
0.8560056596311844
0.9055044695849603
0.8987273065184128
0.9069518351446378
0.47850956378652987
0.539230900686106
0.46837624228997754
0.9091113022965112
0.7494444949200285
0.7612413179291104
0.6642791141747794
0.6928839634299988
0.8165064505143943
0.9609727655412121
0.9573575783109286
0.9087030071247121
0.9382481825165082
0.9195408807796838
0.9081755160787786
0.7793731299025235
0.7846029982318103
0.7825492940148552
0.43511507662754617
0.8668488700371595
0.7313188604730938
0.7395873475366739
0.7552998211858679
0.7364381011977785
0.6744068039277872
0.6686395247551997
0.6591976618282362
0.6717056781845521
0.6619565251296248
0.6736492431156141
1.0
0.7195415354744266
0.4258778443929887
0.5629026046243439
0.3225257159329995
0.3050649850413003
0.9257281471180048
0.9166938756865762
0.9505786318147136
0.8932683042115429
0.8728230023921556
0.8910006746713096
0.9367636264524735
0.9340088235265478
0.9151765471900457
0.9262752968042288
0.9262752968042288
0.912694625192101
0.5391968816363578
0.13912294476720072
0.0009062291569527734
0.9775309568365562
0.9486451876808204
0.8529276761259381
0.8603638645055558
0.8304514294112977
0.8246344872467799
0.669291292618031
0.6681762990468865
0.669291292618031
0.87660824254736
0.8636503564795155
0.8636503564795155
0.06646994753728132
0.07975873817359015
0.1971376471684024
0.9305952479045143
0.9305952479045143
0.9305952479045143
0.9305717886501441
0.8684823797855019
0.6508289787102067
0.879741240508509
0.3516640031415438
0.7768849073065669
0.798952064075021
0.5546913111406092
0.9643369929345399
0.7533223672187057
0.7658520099173507
0.6542433678358428
0.6101804145039345
0.8224063604969114
0.4732668247560833
0.6607801381459042
0.8528114718061415
0.5950246836246142
0.07027674287174267
0.37665363147188813
0.0533264420924657
0.8238681804577078
0.8081071485149661
0.8289404818482995
0.5190991952064317
0.6426251051924574
0.5190991952064317
0.9268588826966031
0.9240898891731801
0.9240898891731801
0.717854640058034
0.7745538502534648
0.7749198248693517
0.8369525283337356
0.7119525283337356
0.780938746475265
0.8109203848365845
0.7999683915742462
0.8070446678721814
0.7527563142987251
0.6874980785241414
0.6558160352787855
0.8363040838629499
0.7554425697230222
0.7473424877522883
0.9890612027002679
0.805833514305536
0.9781731438548475
0.851696099266314
0.8025255195931371
0.6299342813900353
0.6177834144675356
0.5806869804581444
0.5819430405938789
0.9422779051037762
0.9396574847540622
0.9285887216869277
0.8825475260764873
0.8755126674061904
0.8398516673961274
0.6668556860629081
0.6668556860629081
0.4581925830847682
0.8121262603246766
0.7968655490366489
0.7609433095435736
0.6874203107991362
0.974084151329442
0.716154604842562
0.9372002676490037
0.9337369301947026
0.9303810322507532
0.9689383415646592
0.15530379549204396
0.22439453272071752
0.594179467903228
0.6325209941870468
0.34120965930910685
0.501721533110144
0.4600548664434774
0.4937778367724225
1.0
0.8741883345462957
0.5280779207294898
0.5809285884042326
0.34473198742449285
0.3408262387467878
0.44538109705892226
0.3687675911759151
0.4632681234377619
0.9776040019177483
0.9348139705672519
0.9348139705672519
0.8203550870209994
0.7841281656010358
0.8306497560067639
0.7280278085251018
0.7280278085251018
0.5947398083805764
0.7291093214372919
0.7068905357955474
0.6995762772828047
0.555146889765733
0.555146889765733
0.48278325253930676
0.981900956142987
0.8172099881433941
0.949189685296067
0.9270685684295843
0.7816227647900172
0.7816212209705481
0.8595005923730328
0.8527571732904276
0.85734011368091
0.6406936587335889
0.6330504235564506
0.6406936587335889
0.8474157953784276
0.9585619808851353
0.8753068777700775
0.9194141425914735
0.9216552010704795
0.917225520144088
0.8718411622361455
0.9058029480482366
0.9058029480482366
0.44269439719901604
0.44476781611839
0.44476781611839
0.8602274291896005
0.8055424194480738
0.7393452890990577
0.6026898920133339
0.6026898920133339
0.6026898920133339
0.9904368319633545
0.9903903326383817
1.0
0.6648955638781082
0.6648955638781082
0.5974341223603958
0.29571867371782323
0.29571867371782323
0.1618263047014189
0.511168982376428
0.75
0.75
0.6678163237358459
0.6678163237358459
0.5954096263417812
0.8296046093844319
0.6518923580886811
0.6865761498279085
0.9581499566627781
0.9291070328080403
0.9087155481437018
0.379331765177166
0.379331765177166
0.379331765177166
0.8460134408204091
0.6936663692456637
0.8402643791725136
0.9913421033646672
0.9741092742718607
0.9741092742718607
0.8854364429187884
0.8672926589427901
0.8587839800926752
0.6517145733814362
0.4569752513642775
0.4569752513642775
0.9777856414176236
1.0
0.8903422904714837
0.3474611747396469
0.3474611747396469
0.3474611747396469
0.9823065172163193
0.964449987177083
0.918444941553122
0.7433146856355466
0.7358748311583594
0.7440261393402605
1.0
0.8612233330151053
0.7630557463786323
1.0
0.6851005884416563
0.12885358592827942
0.941248482992381
0.9296023965299169
0.9374994878392937
0.5444364954926946
0.6422355993054534
0.75
0.8683321430091843
0.8337318204240822
0.8646048087088183
0.8712653829773274
0.8751919148925664
0.8623541211099565
0.9014495752344337
0.7006897163017966
0.8931912029397157
0.9182426288518005
0.800596863254698
0.7928956155534056
0.9290464075693879
0.8863710073357814
0.8991899768667558
0.4799684103291627
0.44084237741970733
0.4193172521486903
0.7488207161327379
0.7488207161327379
0.7488207161327379
0.4829284102976316
0.5380602275449634
0.5380602275449634
0.48083474695092826
0.4637232048202532
0.6848917809293198
0.4105737456214913
0.4105737456214913
0.42042525281167464
0.815159695086317
0.8066629179135397
0.7891485627094296
0.31101149439573045
0.8811177274766191
0.4979005226162577
0.8985772671747283
0.8778928754921249
0.8960688240410597
0.8137878014813751
0.7914908556229006
0.8137878014813751
0.9301022253681723
0.9081824618284826
1.0
0.7567247925579903
0.756715278079926
0.3263848296311138
0.7758469254322751
0.7758469254322751
0.9337785310811546
0.8797400347249349
0.8797400347249349
0.8764200744287097
0.379955326529568
0.12289957524914383
0.0893342856833457
0.9709988669380654
0.8193664700182594
0.1205586897978797
0.8578310737145405
0.7618760486894653
0.8123752057686201
0.5307012111109285
0.5242028116482806
0.5290013671582585
0.6026875799355955
0.6054342566648232
0.629029074765299
0.8109732966187204
0.8824357252145014
0.8824357252145014
0.8927488646904895
0.8673545432691331
0.8729524875789849
0.9785721338810089
0.9810430158362415
0.9446871840695682
0.3026934589885102
0.3026934589885102
0.3026934589885102
0.6946381721210964
0.6933358820322046
0.6324553063785341
0.8606116771958608
0.8563009108051849
0.7839379252824856
0.0472309469973487
0.04510978283139262
0.04510978283139262
0.7279767642727984
0.6378324543749285
0.7296601623753579
0.49730940560942827
0.49700661298775284
0.49730940560942827
0.7784978786105431
0.7582938155647926
0.7784978786105431
0.8283303394058243
0.820101684834983
0.7539715095339025
1.0
0.7463350097745505
0.8597774687778872
0.6345600021612265
0.6464647640659885
0.19471918932355164
0.9452195869469442
0.8782391445029841
0.9417027119114691
0.7203468345230211
0.7185063115007148
0.7167043414742497
0.55166869013344
0.6156185868222249
0.6156185868222249
1.0
0.8884048507644704
0.9816245406308424
0.7038239591152542
0.7038239591152542
0.7059032782866923
0.5229078633132248
0.5225172126277574
0.5251698665754891
0.902988681919866
0.7069896559818133
0.8990095580250455
0.7956113706948826
0.7171896033869244
0.7495308907286934
0.6436429183205339
0.46483139598874734
0.6436429183205339
0.6646334889431702
0.75
0.6021048746768656
0.6457273162162436
0.6427006592924178
0.2748260657140265
0.8964759301454337
0.835865253859408
0.891724823849005
0.7151069970799139
0.7463569970799139
0.7151069970799139
0.8991766538760202
0.8967902936464138
0.770451755239807
0.6125996770217319
0.5282446181707102
0.3309413340839635
0.7622355426079199
0.7622355426079199
0.7512364426372692
0.983899109494295
0.9760269062446285
0.0547249893527262
0.736901226246724
0.7305767380967442
0.638568590912013
0.9962395302527262
0.9863405284071469
0.7595319527698187
0.7168666288694143
0.5994641986336328
0.7772381207336895
0.520907592621018
0.520907592621018
0.6026620567799934
0.5400055097273233
0.19168544455016567
0.1659227519468121
0.8480936929562224
0.6242105256431181
0.08813635329912145
0.8521754221194957
0.6522358779712082
0.931826860447585
0.8472858597734538
0.11604804763712699
0.8473940820294371
0.7531591865881655
0.8052768220819162
0.6652315558816142
0.37186776451360104
0.2548960686350727
0.6071439976570037
0.4582824869733672
0.44565025416316933
0.4493185259101463
0.7698518300184296
0.7073518300184296
0.5105644736681532
0.41686467897968105
0.41407163453791307
0.41407163453791307
0.713753647376093
0.684950268275276
0.6338607909809186
0.8985848312110691
1.0
0.9129871369563836
0.6073298137139473
0.6066274639100759
0.6021370017260016
0.9127927227932007
0.856002617404411
0.885067817653008
0.681826860447585
0.5622585761671468
0.5401752314184675
0.8380178932217099
0.834072185642136
0.834072185642136
0.8171056915236198
0.8607886593891569
0.8004649310943298
0.8683826474428353
0.8683826474428353
0.8683826474428353
0.8884395686605612
0.8884395686605612
0.629894015491322
0.6352638217107194
0.7017860490381881
0.7017860490381881
0.7835959851434344
0.8226507688350045
0.7745314302039764
0.7094275892480291
0.7094275892480291
0.39247003615886206
0.8541905404708777
0.8124892728355433
0.8639140302754696
0.9216060020976249
0.9216060020976249
0.9166358259927071
0.9439875036381131
0.7630830900290351
0.46549056718848053
0.7123715084546104
0.6537857670887675
0.4538903024871095
0.7990162789005064
0.7990162789005064
0.799242533863199
0.5720431009089318
0.5699981007203
0.5680296002302437
0.9827413261436834
0.9827413261436834
1.0
0.8230053642527546
0.7912175475677925
0.8672623036556795
0.6188434568624575
0.4948575839509449
0.75
0.8798489943508766
0.7066938033441039
0.5933571010870347
0.917501331653142
0.9510833440779793
0.8929129176539036
0.9100015685709043
0.9140633102887308
0.9060946673055851
0.9659367517585835
0.5368556536367101
0.9504605864105441
0.6291296521831558
0.6903645989308088
0.62610618882215
0.6966495570204593
0.6684501388654532
0.6966495570204593
0.8479563412591209
0.7838866031196511
0.7804075049008835
0.9551393196768448
0.9549538453722959
0.9462644430124014
0.7807324862818649
0.6835434320520366
0.7810675646766927
0.7782514910833738
0.9102845838425726
0.8070251680258833
0.8320877582863166
0.8322201816392362
0.07716551695976509
0.5480875034537571
0.3815797454138109
0.06025723807639508
0.5209417767364659
0.522699582806957
0.4835881119782406
0.5634412086325459
0.5950829508506505
0.548280091738995
0.5439794124178903
0.5439794124178903
0.5439794124178903
0.9761243903408761
0.9358821268050553
0.9519364883711858
0.7288733158668278
0.7337167293306838
0.5940187071388857
0.8866306956845115
0.7821784703136354
0.39710662004731334
0.7688716292683769
0.7357256938667545
0.7358450149331903
0.8531736878647271
0.8060964414880734
0.4153095853247718
0.504282303409786
0.5035990201196584
0.49314955308392794
0.47361355914140496
0.4653747433275849
0.45993511797140346
1.0
0.945379268015907
0.5471960058228337
0.9703778339003518
0.16656621148661008
0.7425605917702074
0.8687074353636639
0.8198631157657681
0.8038410656771329
0.48316966606100786
0.48316966606100786
0.47521227277762124
0.6870858400217976
0.6844492711219923
0.0755937951621835
0.8864592351838065
0.8864592351838065
0.9232761277836312
0.8690689106614488
0.8411329754697566
0.8415391658380008
0.3271720695461878
0.6145390882607077
0.5787760590472749
0.7097810762250517
0.8208341146111532
0.7097810762250517
0.5500912083604943
0.35994121844372917
0.13284805828558943
0.4619309938033887
0.5393236770245083
0.5732985394397937
0.8849025225273044
0.8804057260406317
0.7904873670107244
0.7347764973987841
0.721618602661942
0.7347764973987841
0.6367363019641588
0.6354448114557228
0.6367363019641588
0.9024678917735048
0.8999416662312301
0.8224877064499908
0.85139365191826
0.85139365191826
0.85139365191826
1.0
0.9810247859942385
0.874983032227534
0.75
0.47918406773003713
0.4477492833991915
0.924080893183159
0.95131651188895
0.924080893183159
0.7739556762084567
0.6145737354020503
0.7616579115781313
0.4392523743706285
0.41288161618968144
0.41288161618968144
0.8818282174008585
0.8818282174008585
0.8818282174008585
0.9197670183861067
0.900669122237941
0.9158178603675158
0.8962252760181915
0.7261054871554051
0.8771177909518479
0.7568352203539799
0.7568352203539799
0.7521844839974836
0.6078956782195732
0.6078956782195732
0.6078956782195732
0.5361763314301488
0.5410606716647798
0.45323921001750334
0.829147711085418
0.2541298082592788
0.6061254360744476
0.8325277787486467
0.7476762666942207
0.7476762666942207
0.9732996667453852
0.9361126849052147
0.9331833274184432
0.7332402049320501
0.7350423633736919
0.7393534817191999
0.9688936113657038
0.6017507987619083
0.5574728422748433
0.44827784598813214
0.4283700829253978
0.24244129658193486
0.9180089649841375
0.9270017776600199
0.9246746700781271
0.9361217197700498
0.8687898222958981
0.9340690784714653
0.8391530883787082
0.3962738883571224
0.8207552808380175
1.0
0.49364821802332537
0.890792364398962
0.5274379683411379
0.513268089052691
0.35950214934231695
0.6985335286491914
0.71749061102546
0.31666046534339337
0.7755836302306176
0.7724330100488261
0.7724330100488261
0.9861019193329068
0.7933241868426164
0.9778613613770335
0.8362064423625821
0.8362064423625821
0.7377543130930457
0.9047290032811875
0.8267523149598667
0.9012656658268865
0.9907241132149416
0.9840387241646394
0.9840387241646394
0.9469517525843304
0.8801542742521297
0.8706704825756851
0.7464715194841949
0.7242356488295877
0.757568982162921
0.367585679715452
0.2644990882982675
0.19218336240619976
0.2895386098987195
0.3937611840992208
0.29232714473412036
0.7564019717877162
0.7990424198223223
0.8734271125145854
0.8598723988160175
0.8598723988160175
0.21386199099767633
0.5710535867402229
0.5710535867402229
0.5382056059014086
0.22281824445804113
0.3348234148580828
0.12642214418501824
0.750476473149844
0.7655992829766045
0.7550859255376235
0.8636114711146788
0.6968786249275978
0.738083768354237
0.7097718560313424
0.7097718560313424
0.7097718560313424
0.6429849049246898
0.5417819769322838
0.5951955868160572
0.8063439208360381
0.8379137895577573
0.7818122710898318
0.408411945851904
0.408411945851904
0.39190297156202636
0.04986115910235531
0.0550408182401589
0.05679331669745567
0.5232057679538608
0.9337785310811546
0.8441668312297838
0.6842148113539068
0.7040302583375532
0.38222892585476953
0.3718445928353321
0.3526178872325545
0.3718445928353321
0.13756511814483924
0.43609079131023465
0.2094697831660562
0.9178375394459202
0.6293520444937845
0.5625612362947734
0.9332950903566624
0.924844740001185
0.924844740001185
0.6505876766437789
0.6163462409171478
0.6368218585816339
0.5121167017441781
0.5073031568512392
0.5121167017441781
0.7884194938070227
0.7884194938070227
0.7874205605744242
0.8547153238751646
0.840285338792892
0.8324151258889007
0.9510394801687443
1.0
0.709033803599284
0.8281966768450642
0.7864156618412628
0.8026938647707103
0.9400123787404946
0.800074042928812
0.763281547688681
0.2654011295223356
0.1914135667290542
0.05050612041846616
0.5238127764077278
0.5238127764077278
0.5190401067954539
1.0
1.0
0.9796754454765386
0.6092083181915723
0.6166395251670246
0.6202872647042479
0.8487446046358156
0.817437536130967
0.8236469724735582
0.7302003898612569
0.7731532119204424
0.7805219055305472
0.878381516380087
0.9061592941578648
0.9061592941578648
0.6351363667171426
0.4077968979740235
0.5760736963749142
0.8807413443920178
0.8764947307149829
0.7815222822204684
0.5725921066517253
0.5712234365161247
0.6711036543318979
0.5437715249174094
0.4932962763361208
0.4960401912234972
0.49419098117373106
0.5632118169058917
0.6517295359335316
0.12941041142121432
0.12941041142121432
0.13185639271235824
0.7466320485701289
0.39659323888684017
0.3536101333549815
0.8977789549487636
0.8977789549487636
0.8977789549487636
0.8298675071342488
0.8417826999694105
0.8240820311698894
0.9101748364266242
0.9077695260916768
0.8883199336505503
0.8977752268966384
0.8928546004165028
0.779640787539618
1.0
0.9886063273143169
0.6991836438320133
0.9249526359547194
0.9312979028406092
0.9451782022384103
0.6056823358171171
0.8004142373942464
0.3557545330308992
0.7944756973084681
0.7944756973084681
0.8570803561042937
0.6883688213901841
0.5155258537309539
0.22954251008506976
0.9278264789046201
0.9167654998106517
0.8210609262490267
0.8962872269893816
0.8482385351871498
0.8482385351871498
0.8521791725303383
0.6919330826835357
0.7919197575257585
0.7694746259881442
0.54155739345911
0.6109865884760155
0.945773131775049
0.948044634480585
0.7304557157928612
0.5500852165115047
0.26532235499420764
0.4987218924110697
0.7240238219299122
0.7240238219299122
0.6883085685980936
0.75
0.6563252915129514
0.7086205226179708
0.8269383015163254
0.8269383015163254
0.8269383015163254
0.9319477702866636
0.8175323566166737
0.9319477702866636
0.7422728583189326
0.5980055320344213
0.7693417757410697
0.763670054920184
0.763670054920184
0.7617694013936539
0.8965405555085502
0.8965405555085502
0.8965405555085502
0.4824483430787265
0.30622075871273685
0.30840550595499355
0.549229519531587
1.0
0.7220425759138709
1.0
0.8511243903408761
0.8511243903408761
0.9672495632142508
0.8834286194006673
0.9672484116094605
0.4909474084464063
0.6714633431387254
0.6303919421969422
0.8105888809347138
0.7981124199593682
0.7943214758997156
0.8797913433056875
0.8604804265396669
0.8798311372825618
0.5550578840787608
0.5310598151369587
0.24961711403774917
0.8419827676434819
0.8068481108719511
0.07952106003570168
0.8222307035189131
0.8010004510285846
0.8222307035189131
1.0
0.9435383427190414
0.949530709164109
0.8863727014884641
0.1996491681708883
0.15807331940295422
0.991287780536602
0.8386715008718054
0.9123000605345745
0.7815103958408027
0.7815103958408027
0.7776688061212397
0.8234398828731793
0.8755606999209773
0.8803273623212786
0.906600636473438
0.7955044829742968
0.9030091170436101
0.8989189631929692
0.9151402677411891
0.8989189631929692
0.7211181306155869
0.7343881522937523
0.7238635770658923
0.7759946976713283
0.7211793458937912
0.6474463201018665
0.5483786788332705
0.48851920907476654
0.4872759860200213
0.6841887219540863
0.7912082252111254
0.5938583339123187
0.7913040005662074
0.788668143232595
0.7913040005662074
0.9811441978959743
0.9581973848792529
0.9010725169860418
0.6108198967948711
0.5575238025299806
0.6203788186731847
0.8807788423307131
0.7544299516490195
0.8722819089818018
0.8513236116244107
0.8513236116244107
0.8513236116244107
1.0
0.8683813392409346
0.9400839716736928
0.8812509992904115
0.8812509992904115
0.883163845585828
0.6062460905251146
0.5919778799112204
0.5575417300607611
0.8532073751875624
0.8168841627323693
0.8282047918037856
0.4241020519220756
0.3787613785686322
0.4279692543221321
0.6950358539159083
0.6185334037917186
0.6918295505980232
0.5743554949015903
0.9104393245686195
0.5635175848905816
0.7911312811527674
0.8154900882221441
0.7743549181570254
0.8144797153753107
0.8144797153753107
0.8144797153753107
0.6519678412046748
0.6162535554903891
0.5853342821890624
0.8139453994416631
0.5455673981100225
0.8139427235823465
0.46704337411946756
0.462859730611235
0.051153228045244636
0.8321926916263018
0.8292215100791217
0.11021800244440744
1.0
0.9046124103033044
0.6529853980544252
0.8645920211150938
0.8492787110321192
0.8622605777816789
0.7611798199957056
0.7533875544078248
0.7585018217723245
0.9087760700289448
0.9041776025033108
0.8997578451507182
0.822820649461861
0.8114570130982246
0.8209511057276891
0.8972915084366215
0.7293441383675092
0.8939674358293344
0.8401319992695517
0.8298606237462403
0.11816647836207425
0.6981152247660369
0.6981152247660369
0.5786954920081201
0.8891482273187173
0.6085479931911091
0.8522108612092281
0.6599729444315893
0.6627838069325548
0.33541586240546406
0.4458823379719109
0.33251591725991914
0.19811677275088846
0.6105164801300031
0.3032489641560133
0.3219673284489245
0.8282253006984075
0.8052457410800231
0.4192179934187037
0.9621763635995032
0.9621763635995032
0.9371763635995032
0.7018360481356992
0.6674018782204076
0.66060568466444
0.9546247917605596
0.8258406119975907
0.9519359868740617
0.5862385341539449
0.3560060206672322
0.5823039560020081
0.9890485048498449
1.0
0.9864846164980267
0.9358951964230425
0.886157013097212
0.23208151726503704
0.5829606616685831
0.5829606616685831
0.5487020233538967
0.7496829191496225
0.7215905233622042
0.7423446597903743
0.03202399345096619
0.5449968751469583
0.5449968751469583
0.4623155360780673
0.4744803243583928
0.22678414569515207
0.33916308996205236
0.4260484138753682
0.40078424085567327
0.8328947310593455
0.8202351775759285
0.8140453649214219
0.5140404511072847
0.7079892580792488
0.4150995097133863
0.8371823331365758
0.8371823331365758
0.09162877876655595
0.7236935227622916
0.7024277835989529
0.7051228897663598
0.6902223421118946
0.759240626085047
0.3290755924778313
0.7547134533686133
0.7600367008169986
0.7547295472547424
0.8049969170510868
0.7016720211820171
0.4314287675204145
0.7283808472824552
0.813667481287813
0.7582675042234108
0.9152446001219898
0.872833868589209
1.0
0.49461451314263905
0.527714683416328
0.44163545653615954
0.9327570273776593
0.919671484766744
0.9293443764789653
0.3482309368266311
0.3263199804920745
0.31735982893093173
0.7994310906680111
0.8324600812478853
0.7959189153579688
0.504422889481744
0.4483020885705689
0.21837959729596523
1.0
0.9069247608593317
0.976670319223474
0.6764072820981761
0.6764072820981761
0.7025041692491585
0.30408989534782904
0.6522969116954077
0.657782927755997
0.07087273318586323
0.07087273318586323
0.07087273318586323
0.01228636163693925
0.012352462206503677
0.012353278669193776
0.9558891869779689
0.6825404731391427
0.305951140547076
0.8932035513801004
0.8902064960668405
0.8834729476901366
0.8479174643077642
0.7865674752044313
0.7881926157341335
0.9035823570946098
0.9035823570946098
0.8998109651936335
0.9219472216824879
0.9761243903408761
0.9050341128490296
0.8523314865031072
0.06340369288203648
0.0010561852654010521
0.8871951199374256
0.8917006993895642
0.8871951199374256
0.9119317993030095
0.9119317993030095
0.890991299284212
0.8487561833102282
0.9721636143570678
0.8301502404591103
0.4875994246340596
0.4209108698967157
0.4942036892027084
0.7462175183093069
0.7088780198924243
0.7425025769779813
0.4233109739251463
0.6079879385981907
0.6031257681011943
0.432866109768804
0.432866109768804
0.415746580105978
0.9686257293927362
0.8229100138379267
0.8480394101941804
0.9542015923182587
0.9006301637468301
0.9006301637468301
1.0
0.6808162864312596
0.5968065988058049
0.8103387819162063
0.7138137535334114
0.7072495173470924
0.6516257911854026
0.5702975211879318
0.5555170821507248
0.8338772964444808
0.6935168953219105
0.8112407494878753
0.8302240006495427
0.8302240006495427
1.0
0.8421237810054102
0.7414559850439925
0.8386782072662147
0.7746104955870514
0.7746104955870514
0.7746104955870514
0.893020698589567
0.8967551951216
0.8343902753929585
0.7798678076759525
0.7798678076759525
0.763720039715983
0.848284604305107
0.8454911905768714
0.8377379395224697
0.7693106793057181
0.7315149348944668
0.8074745660487642
0.7937033361837051
0.7937033361837051
0.7891131173066054
0.6158729478897307
0.7686442523823808
0.7657602918956283
0.3395174740463816
0.47932165000735694
0.7753796731504194
0.8586962974275963
0.8564048589670631
0.861037291248504
0.8969408125026579
0.8985462215770379
0.8657340110456428
0.9768344208824397
0.7465928287907102
0.968443856365517
0.5974155767054826
0.5024772344671996
0.37600817122918206
0.9633085057454647
0.9752132676502265
0.9633085057454647
0.9181823028535716
0.9078164170452565
0.88518912384485
0.9578002304744209
1.0
0.9538426091363776
0.704932121301221
0.571034846052932
0.7939833941731562
0.8246238016463153
0.8246238016463153
0.8250182105289321
0.7733571902802913
0.7639057231415088
0.7674062722671772
0.8403749808803564
0.840820607712792
0.8489626834592665
0.6154480014943098
0.6754397056653401
0.5649635634191537
0.8084244727281058
0.8084244727281058
0.6868152441683394
0.8208128357943862
0.7878065664861793
0.7274480349459373
0.35969129923260135
0.7648609311088432
0.11765236863819559
0.7930660810647925
0.6430660810647925
0.6909751570974034
0.7923580715587486
0.8280723572730343
0.8262732138265932
0.764466631210831
0.5726095307093365
0.5726095307093365
0.591954512802446
0.591954512802446
0.5990654299358982
0.7958015817523013
0.7838196393689834
0.6996753309844168
0.9656655093821853
0.687174636616644
0.6562135529532651
0.34652266806582016
0.75
0.34652266806582016
0.4590175226403055
0.4621472296863642
0.4590175226403055
0.9031576489479288
0.9031576489479288
0.9031576489479288
0.7924810762710405
0.7257804476197682
0.14363515160325602
1.0
0.8718401378517355
0.7089198158331098
0.5483508657336482
0.5468328567005335
0.555090727344703
0.9053575125236484
0.9053575125236484
0.9025356851945823
0.817441511763771
0.9284001327987488
0.9284001327987488
0.6813943572826444
0.7383933127111078
0.2347813202758947
0.6885967638662664
0.6945243543132571
0.8375778545087588
0.75
0.6835439082166284
0.6659659503539742
0.6857906041987651
0.6238345648100702
0.7039774860678739
0.8405807728009266
0.8124322986932627
0.8350052835623688
0.7880401832100754
0.7945469000681277
0.7880401832100754
0.8649538053293708
0.8649538053293708
0.8927315831071486
0.9216032372736287
0.7766189087796128
0.8554237214131096
0.9020539972517466
0.7441547984394914
0.8811545873065154
0.10711155640507618
0.09686869776136825
0.0889178098218817
0.9529557805191551
1.0
0.9907554478376885
0.8913541863553643
0.9032101066539768
0.9032101066539768
0.7261810588855517
0.7774872146056547
0.7774872146056547
0.7618288000148938
0.7546389744667061
0.7596556779183201
0.8463923231357879
0.8063655104856672
0.8474665134502434
0.974455162548299
0.880881151499403
0.8574482682773946
0.7342672951135102
0.7470530397339741
0.7643884539649926
0.8518751946169416
0.8551919620119248
0.7392198364579579
0.6274574205678645
0.75
0.48723889579675306
0.8670571162889625
0.8606977327820611
0.8452970068198282
0.8472578594646718
0.8433818651899627
0.10810483210562197
0.8984343383223584
0.7595959799349401
0.9240159745755607
0.8176360449289218
0.8175937576742619
0.8145406027649751
0.9636490586472004
0.9265483779028211
0.9265483779028211
0.7787541542754391
0.26840306335485864
0.6609743265111327
0.5667096149903261
0.5667096149903261
0.48455047248963273
0.9861467336485508
0.9196761775787021
0.9312594978171925
0.7579983608264287
0.7579983608264287
0.7996650274930954
0.7835994443576582
0.7004907272620646
0.693190458591517
0.8344580381165226
0.8303095660742988
0.8344580381165226
0.8890878840438718
0.8890878840438718
0.8659360921096781
0.8334681184551294
0.7520707623330924
0.5478806255940736
0.9752539148003966
0.8119864507104273
0.835580261819877
0.9468259303467532
0.9359524258273587
0.943540927078954
0.8472673567992108
1.0
0.8411736015268151
0.9186871750915987
1.0
0.9186871750915987
0.5503154376447781
0.5503154376447781
0.5503154376447781
0.6203709310999875
0.6203709310999875
0.6203709310999875
0.9456073186812242
0.9286083988664566
0.8234462466803243
0.5711916740636206
0.626438048241525
0.5723985353841915
0.631131154581678
0.7574860475103923
0.5255718398165056
0.8376553558654274
0.8376553558654274
0.8358213766323697
0.9553545683606741
0.8890086696061134
0.6216824999943591
0.5300310851603609
0.5207419982869017
0.5321441968976213
0.9549730768149712
0.8380464471877714
0.8380464471877714
0.7350725249416863
0.19717099311342734
0.21903796055124886
0.7861347229363571
0.7861347229363571
0.7882750836034804
0.9254479586843664
0.9254479586843664
0.9221116758406703
0.7516343075749692
0.7522722466521234
0.7516343075749692
1.0
0.9024900518118212
0.9586205226179708
0.9306455445274284
0.8249294670134802
0.9097192957237533
0.9245289231480115
0.741922508710161
0.489002281309355
0.5429293016507423
0.8073830135615744
0.8165757365644098
0.9220353886687811
0.9094651466115136
0.93541994490209
0.7790225956121386
0.7790225956121386
0.7477725956121386
0.945133704469858
0.9415079046900376
0.7848205465585365
0.9544440865007193
0.9284932347978033
0.8742980906865807
0.21748384566350634
0.2751811662325366
0.6163194989511408
0.897627937093726
0.8926135128511269
0.8926737764554287
0.8702228654193052
0.8622319396688958
0.8702190522816862
0.9879253185421253
0.9804888869149473
0.9710617600025322
0.8593085538319111
0.8594912683984993
0.8493569211075463
0.8603656137996214
0.847655458523512
0.7685830937952777
0.9453843142229201
0.8491948893282018
0.9310831226877746
0.9887568633548559
0.8627737843918672
0.8156703379597414
0.5200692243233709
0.6548831634531401
0.5210317029057638
0.902776434980167
0.902776434980167
0.902776434980167
0.8398531923701842
0.8350070416782271
0.8550376504788975
0.7911650639438942
0.7688072739370161
0.8226340201996862
0.568360682232456
0.568360682232456
0.568360682232456
0.6279286809045451
0.6279286809045451
0.09043317154583408
0.4384349677926337
0.6537320868858459
0.4419449360899204
0.8065192484860904
0.8007179785035018
0.7882179785035017
0.5066314088103876
0.5066314088103876
0.22086006981046646
0.6871087235750357
0.6973523463972726
0.6914759837783462
1.0
0.9874705169905964
0.9916981748533021
0.9004811493856318
0.9052565812908444
0.8902460634257136
0.6488506441060511
0.649941289910589
0.649941289910589
0.6811024530870178
0.5847345830084083
0.7052750586675989
0.8033414009261223
0.803302165456581
0.7237435459117811
0.7154196684439419
0.7317311924335456
0.001313279879256167
0.6018814839843075
0.6664598548224956
0.5433864992995057
0.9040254495528157
0.9040254495528157
0.04086513061779445
0.5938283509349579
0.7116541050816045
0.7174002605041663
0.5187620865001826
0.5187620865001826
0.5769894482679511
0.741254881261128
0.741254881261128
0.741254881261128
0.9800317104255158
0.7501060655622411
0.9508761001454221
0.4973965318598108
0.4559136456476315
0.5040129590069188
0.9514252703296939
1.0
0.9407495122070594
0.8882091582139151
0.9549730768149712
0.9549730768149712
0.8180461647165933
0.8789283552932494
0.8044629875761231
0.6923434167962429
0.3904216345577831
0.6608630592342539
1.0
0.8637346494264712
0.4273889703267485
0.8305872212627212
0.8381856956746705
0.8356357563397925
0.8564324332532471
0.8563161647608308
0.17679176375391614
0.6847262050546299
0.7296468363201571
0.6847262050546299
0.8669242238989153
0.7892858829232036
0.815831644264856
0.6956656841488422
0.6956656841488422
0.5743707667908291
0.841881489492514
0.6459776780293739
0.7309524935210033
0.5621331677087579
0.5581913733804948
0.12679080111255708
0.5981043762118491
0.5981043762118491
0.5668543762118491
0.7953583774234472
0.7876514695258567
0.8619987093935004
0.7960649168538342
0.6629365432553062
0.79171290640008
0.917375800731653
0.6949887526112414
0.7927665303890192
0.6578909750409578
0.6550499634431264
0.6695745589442741
0.7601258023817672
0.7302720245327957
0.760459222222055
0.6948426192893523
0.6635926192893523
0.5387854930488322
0.4736862496524464
0.8425845265244991
0.8205892194679278
0.7444115599975685
0.7376826212411987
0.72082619077616
0.8417849467471188
0.8417849467471188
0.8417849467471188
0.17366235267054433
0.4418907093688692
0.4341682689609314
0.8747974189690186
0.8748849548901609
0.8763352987434276
0.7516363785725487
0.7462916339313191
0.7645924261921718
0.8832451796466343
0.8244768803189977
0.8189344685656502
0.8646247509623506
0.8190143019744458
0.8190143019744458
0.6640606507253165
0.6842210689688397
0.6830319356739245
0.8652995598752621
0.8337704484383314
0.8550144371765989
0.6181133602024367
0.5992063021175155
0.6181133602024367
0.43949338939041815
0.4331549020984151
0.27141932521047557
0.7226563841900471
0.7226563841900471
0.7226563841900471
0.6949829216944367
0.6400417748942947
0.688446509855387
1.0
0.9716595009307692
0.4928312948045327
0.2867743129341494
0.5557115793868646
0.3649688531859928
0.9382153461773062
0.6361786595380088
0.7563031123039425
0.5034139137768403
0.4609863215344267
0.4609863215344267
0.9229312043858723
0.9162588223599574
0.9124284701830998
0.75
0.5454992080878575
0.5056889970591195
0.09712959174830431
0.09712959174830431
0.2562036420043689
0.7157081314873945
0.7628483608591878
0.10795389184395944
1.0
0.7355152350655841
0.8465086044123529
0.9788763185862047
0.9788763185862047
0.7402397877272883
0.7189383415646592
0.48849041280529515
0.5856239674293263
0.7844289164993025
0.728941515717936
0.6966019263812487
0.8495778065298857
0.8468477107075144
0.8427010789807323
0.8604628699213593
0.8604628699213593
0.8675389581427151
0.8832566701459099
0.8835470264081109
0.8832566701459099
0.11160092817199764
0.11160092817199764
0.11160092817199764
0.8614494686298221
0.855450267906615
0.8738957028101533
0.6993439242539181
0.5817473460943057
0.617437342409126
0.4559326681410309
0.5555266424459049
0.5874046534408697
0.6994902558090534
0.7122671552567291
0.6760932768783503
0.9143754472581269
0.9098836777014426
0.7228927342119836
0.8402453668559462
0.7152987168681946
0.7152987168681946
0.8874043294928325
0.8529889386325344
0.8827836243723738
0.6813677543194268
0.9151515107976669
0.6606402987791571
0.7918501472395237
0.7918501472395237
0.7649297266106229
0.7800553782413433
0.7800553782413433
0.7673868427679783
0.7246608096864131
0.5695335697395952
0.7246608096864131
0.9622083714248773
0.9483933304111779
0.9598684966544826
0.4068401150584591
0.46566070831624484
0.4287333605814946
0.8377838897359262
0.869186914641934
0.8810039195452537
0.6755194808633681
0.6612153176203002
0.6760622236991729
0.5194038596991302
0.7154264112457911
0.2689203476459518
0.43451442394932005
0.43725326544798326
0.30798694052892506
0.9626706921477303
0.9626706921477303
0.9476144677166431
0.937529232822188
0.937529232822188
0.9328974036853215
0.4843243856605629
0.8988792672546114
0.504702589868221
