3.375750040221122e-38
1.3807069821524572e-18
0.05679289778894923
0.31903833851057833
0.999783023542797
0.22760491091671975
0.8894731124903035
1.560066960834895e-08
9.39104635352084e-40
1.7889387204673088e-264
2.011738977239793e-27
0.9798566436574166
0.027349145328976164
1.1753137296666803e-12
0.4409543163254378
0.9820038991641141
0.9998100180488569
0.996291892075172
0.9968110953916627
0.022615426885952403
0.6803227235091514
4.443453057447523e-30
0.9965449823568642
0.5665046444772629
1.663840853379661e-29
0.18033230341722
0.9478149464012776
0.2890149101459551
0.8534417393026672
0.15527881057860365
0.999294249159361
0.31790140228077707
3.141090177469438e-10
0.95989344065389
0.9987068368569968
0.9952105063790933
0.18746314741679743
0.9960458383667135
0.5475267281194779
0.3655029239357825
0.005982277085325425
1.8291573474109214e-15
0.9973594922894509
0.4264931385446905
5.395794910543927e-10
0.35980070429684974
3.643101556904885e-15
2.3117086581072754e-10
0.46171844503835907
2.629050532860405e-19
0.9978193810116021
0.9982675025094241
4.2477733582576533e-10
0.9635951899534383
7.464658773472033e-40
0.9935300210333992
0.3790784891342355
0.5505387140733065
0.022349194474085697
1.471523837335499e-16
5.405517465097969e-45
0.9798782007407042
0.9966625816030014
0.005046925666433795
0.9998080184308205
0.11120321341124985
0.999907004324366
0.9993552079677845
0.9870742642282915
0.46952346635315145
0.7333985503225908
0.9974632230705561
1.315728477996677e-16
3.1269961894564183e-20
0.9282325359991176
0.8886738354910172
3.312062221179307e-11
2.5588460493898816e-15
0.2130515763704976
0.401416795979019
0.9357031502267453
0.999114392382108
0.00038299140894048375
0.9996590581338919
3.444157447268232e-14
2.033598687019622e-32
2.3419855985078608e-12
0.996135486526273
0.9996800511945391
2.8083749962901368e-11
0.9977684935208125
0.294656796975674
0.015973790398325527
0.9980948171692026
3.058085935336731e-13
0.954119837113358
0.06017375410835779
0.5859545805516699
0.9993362203992157
1.6420824270080657e-13
0.9995191156619548
2.840667395368474e-11
0.00019391958405820444
0.660300001176398
0.5693789918838497
0.647859776718075
1.1110560172355365e-10
0.0008256290312788614
0.08978278731978016
0.06343757039955288
2.603281990096441e-21
1.5389383058509666e-19
0.983220372833112
0.4985098153523814
0.978943842696849
0.999744032765204
0.797108877789156
2.6676485591240198e-15
0.9994291629894761
0.9998820069617261
2.0534365734416124e-19
0.9998460118573913
0.9992972470466054
9.934604991505394e-12
1.3553512880337665e-18
0.9816612396008777
0.7404464232638954
0.9713640093938234
2.244076376454714e-11
7.525622172174575e-16
4.5176106275788976e-24
0.5159775614541868
0.9513816333850201
7.406018984398733e-22
0.9996580584753336
6.173758951590317e-31
4.715826139628006e-12
0.9956833436595871
0.9915538706720081
0.9999730003644968
0.9844491823105539
0.9998060188167832
0.9964204220192528
0.9893303290916653
0.999883006844233
0.002022178264109783
0.8838304795046821
0.9673547447256751
0.48309932724592847
0.9962938846609488
0.2668378789348471
0.8504003843421076
3.957168952555636e-63
0.9363321540653168
0.9111470306126125
1.6748992646055288e-11
0.5883036810703453
1.558595387341312e-11
0.6503692503017651
0.9981477175963615
0.9998900060497782
0.4335002092771783
0.13336680694007433
5.349609448507401e-06
0.9995241132700271
0.09612277484315714
0.8032759301206631
0.9987008446339523
0.08914000993587722
0.999746032255269
0.7355645348219113
0.9236168110600523
1.0997811790257643e-24
0.9398622095950295
0.1955216820655816
0.026734564505941836
0.7706730924026707
6.034681438850741e-76
0.3291038251623385
5.1724481991770195e-12
0.9969805676826159
0.07035130116495211
0.9954702902215748
0.9988306841831426
0.5670345740233055
0.9886627564506417
0.038267741353822826
0.9993721971507277
0.9044900271707487
0.9857820435315071
9.956108694340169e-14
0.9899726128737889
0.9994901300278943
4.420774601486984e-10
7.069780232481355e-15
0.983308866648829
0.921141147366038
0.9878237379841512
0.9993791927805924
0.9997430330216711
3.188197161278574e-28
0.9991593535413836
0.9678666107622649
0.9137493310604533
0.9858530223938498
3.1742178476253943e-35
0.9985180991011106
3.6261473286916483e-51
0.9989055992937378
0.6425709758917045
0.9962151805529138
0.9299913443766766
0.6362873560450455
0.9996050780022294
0.12314472367931426
0.10281767550819405
0.9985550449542714
0.998121766093075
0.9940925181969847
0.9997550300100492
9.411310483854952e-13
0.8600583871536637
3.9078513528507404e-29
0.9995391062441732
0.998499127437459
0.9918543570162038
3.6050582543994484e-10
0.9996320677036947
0.901649874516347
2.40577308728103e-14
0.36927081061937417
0.9953906557837772
0.7711294659466135
6.397870553104452e-13
0.9997270372611091
2.1865550194184756e-35
9.201790998541679e-23
0.9996880486669385
3.821668177344067e-11
1.857893856323618e-27
2.2904860018578083e-11
0.1366301006460318
8.270733770284393e-24
0.7717458446003856
0.9973545055044564
0.9997600287976961
4.4103923376643004e-07
0.6988249481100284
3.4003389435352622e-12
1.3368032318910237e-12
0.9999320023119476
2.656786106877648e-34
0.9977704890597952
0.01775088331630572
5.398866115307997e-21
0.4515663329877231
0.46574034486990773
0.9469746072893119
2.3574595583144466e-17
0.22528320035321894
0.6842198464931492
0.9475031665745054
0.9995401057837792
0.9422835888288413
0.5579270834278575
0.8199523911356764
0.0404208313269582
0.9407649105433685
0.009471679859771357
1.8518033164076049e-10
2.2961332988758123e-38
0.83294222247098
0.33041527716877284
0.8120234986622229
0.9999670005444941
7.340782818083971e-16
0.999243286452214
0.9986459175980048
0.1466645899896
1.5980639413130728e-20
0.01622805085275611
0.9999590008404885
0.9995630954705926
0.4759021562388137
1.0752838507050766e-18
0.9790564277122734
8.435923032366802e-23
3.308585765624912e-09
1.2742263484633286e-13
0.5098585217917615
0.18591791869648217
0.9998680087116166
0.9728192302769534
0.9977066337918856
0.7236539286330805
0.9175694565103681
0.9996490615932934
4.73150914106074e-13
0.9791416093268309
0.3914529302601317
0.9980149727776473
0.7995117900800807
0.9827829371038697
1.2272740469091333e-16
0.9961852945457895
5.730619825278301e-29
4.1842686347195785e-10
2.3116323729802731e-10
0.9991403696940134
0.04880648917821501
0.9998850066122466
0.9970214447238644
0.997357497572461
0.1669820428819314
6.210410662180179e-11
0.9620508221828196
0.9989115927453139
3.8460918689882803e-38
0.992570734443101
0.163181043210053
0.9472814767722454
0.7744106426676407
0.9890523663247883
0.9986259448793806
3.3051779083541736e-14
0.5438727363650313
0.9983623424269872
0.45187621376910825
3.432596675233654e-11
2.1680050109763526e-15
0.9997270372611091
0.4772880938858174
0.9998040192067451
1.3608057981566048e-11
2.5421091638598933e-12
2.1981714088442574e-09
0.010177916040146421
0.9966944753159094
0.00392900132959667
0.6795605090371283
0.7266705993007428
0.2761804009929188
0.26907611069862725
0.996018945492133
0.11834076231720826
0.9999430016244691
0.9992762620247608
0.9994311618498011
0.9995790886080649
0.9801682876188634
0.9998350136117513
0.9926729744940208
0.444620575431263
0.9997170400407227
0.9982375549335647
0.9958396782164832
0.6158917878222305
0.9686150608910905
0.9997690266784457
0.9998510110999487
0.1137472951880938
0.8753022707444952
0.6034935054362323
0.9321831227123292
0.9997420332791379
1.5073230031151198e-24
2.919230137393567e-10
4.46287036608538e-23
0.9519412102849366
0.43768929170651116
3.0341334350823297e-20
0.4269215526836998
0.012792681875911593
0.9704940570382627
1.0861396853447013e-09
0.3548947543788727
0.9980189648455225
0.08564837730863015
0.998954546867309
0.20793245242075534
0.9979900227152049
0.9955499310303825
0.8083800274738664
0.6674685539531492
0.21909474875754506
0.9994501512222747
3.3865225682545993e-28
1.1672982960513847e-10
5.4238240769884426e-12
6.6836959196431565e-12
1.4532486343894776e-16
0.27783162895869723
0.4995482944408549
1.8676635458123893e-13
0.9991093968226349
0.9996040783976512
0.9988226935696316
0.40643266884952817
0.8620327637931431
2.888958402889687e-11
0.016290763308120494
0.5498526201653156
0.9197200028404051
0.9924436935198848
0.998025951002728
4.720760813031471e-32
3.6633113786807427e-59
0.9998210160195442
5.349534179713439e-16
0.09856825762355285
4.813431684838941e-46
0.30955236776223566
0.12576188016393852
0.9999380019219603
0.8683981251073194
0.9929172020845084
0.6164876432307131
0.735367429939813
0.9956833436595871
0.6674004756326993
5.91168640756107e-23
0.9994391573310777
0.9733700018149317
1.1632100734807907e-16
0.9942664996105989
0.829010879740424
0.0010376445398965423
6.931734170391649e-11
0.08566113986763615
0.02292633566865623
0.93187368928438
0.9634477711672002
0.9870653805998898
0.9782030626285586
0.5142118185859285
0.6240192885204391
1.9770096352427977e-26
1.291552579403257e-65
0.999768026909919
0.39717312906233926
6.961563681039569e-12
0.9580790392291663
8.955582814088831e-12
0.9998290146196667
0.9998350136117513
0.9977375631769362
0.1896041123095626
0.022599443429961508
0.9975430233203691
0.6139480276124273
2.3916009035104123e-32
0.9993652015698321
1.0429742014648513e-37
3.1309215774675906e-15
3.0811191236247536e-31
0.9969237414098221
3.2162284843142658e-15
0.9980678689729413
0.9999000049998333
0.9998880062717659
3.9248689136283645e-21
0.587006139555529
6.2138585392673e-22
5.255142962084395e-13
1.1684522653402706e-11
0.9485915248078295
0.11451894627795232
1.9684062573821165e-13
0.9897122843113096
0.07858149813033705
0.010336851017983883
0.9932508783188769
0.928707912743611
4.803481650070907e-43
1.782676742974104e-11
0.9980109807257402
0.9997230383609579
0.9997670271423919
0.9996950465077716
4.4040603840103937e-10
0.9812637472964642
0.9798154905426045
6.001731572052445e-11
4.469734138184597e-10
1.997901344572912e-14
0.9995161171091056
0.7364956127410838
2.5501201226189447e-05
2.515247735588392e-14
0.9997010446960451
0.9888901750367602
0.9990454558673707
0.09871434536436349
0.41061468923028055
0.9991833336536288
0.9996690547744563
1.5909391271961343e-16
1.0340523886201388e-37
0.9888130446112331
2.2575238722626298e-17
2.664860027631506e-38
0.9997350351093987
0.7913143356110529
9.942845574414538e-35
0.9996810508750902
4.2758547457709824e-11
0.5421752447528504
1.801029743229228e-17
0.05843443047171709
0.7550343757310528
0.9688088032768615
0.9863953906937766
2.9867483937305975e-14
4.015874062403696e-11
0.999489130538264
0.1592753202990955
0.49719349634115906
0.80860478836182
0.998737797248823
0.7021171559942696
0.9938976951566998
0.11448253504272916
0.9854942371965657
0.9765366474294267
7.1249457773448985e-12
2.70088642027113e-11
0.9954125546190906
0.9987617672435957
2.8204375877389167e-22
0.9194303366643283
9.400799547960395e-08
2.015359291428298e-16
0.9859407672174295
0.9397804451396001
0.3136906405191392
0.21117016528155394
0.1819762672742756
0.9999030047043479
0.24803609476507715
1.9919988024136806e-06
6.2094052345792e-12
0.24286634682988253
5.1977746439291465e-17
0.9857702142179607
0.9801153599603916
1.3946143562755177e-10
0.9993542086130762
0.9998990051003283
0.3440318633089988
2.1103422031561385e-12
0.029363408166721793
0.23627733868539208
0.9953637805988876
0.9915389974754972
1.8973176752818924e-23
0.9998150171114448
0.09006920136964743
5.387987453476536e-10
2.845881495634188e-20
0.1605135365649413
0.00646549954889153
0.9588352618817241
9.926601849068813e-13
0.22497229898034068
0.0022151281979090813
4.1412725338307605e-12
0.8012926843231427
0.9948174758577116
0.9921053279150089
2.3439807843841236e-18
3.2856506418921433e-29
0.9998710083201422
0.9903874983110124
0.8627131760311062
0.9645978502439679
0.3432257105446048
1.5274998317505064e-14
4.069496582157314e-14
0.9993182325091399
0.9952562871153355
0.6074605768179376
0.9999250028124297
0.9883237032761226
0.18439446215647537
2.1410872140085506e-08
0.999886006497753
0.9652906801966319
0.916875119271592
0.9999520011519816
0.5906651524858777
2.6455204481903867e-41
8.961092191479393e-12
6.576379078940063e-14
0.9998870063842595
5.361430939348551e-42
0.9999180033619081
0.7916910908954478
7.873747042127338e-119
0.6190841936234796
0.9955111053401782
0.08844503441277687
0.9445033926884143
0.9992702663851757
5.630728668966385e-20
0.8268838840860939
0.03204022930411513
0.9996310680721269
0.9912177908785937
0.012429569599553481
0.031222352949459856
0.02226857026096216
0.9998870063842595
0.9959332915459931
5.413046936587445e-23
5.587711122159337e-08
0.10129866970953057
0.35037649592826947
1.7212341420307815e-06
0.5013544214312641
0.996842993857088
0.9660902718651031
0.013245598108142648
0.9950254144389907
0.9998990051003283
0.9838213040467038
0.8833939750732782
0.4860158706288056
5.909416206241073e-22
3.587720927606024e-34
0.9998480115514147
0.38195289098849267
0.0094811088713872
4.102502727919244e-13
0.9984901409857512
0.999646062650607
7.695418939760114e-13
0.053978254929963186
2.4771147235815253e-05
0.7361782515282465
4.048387112472145e-06
0.9802084753424984
0.5207381264318458
0.8108785414628746
0.4025049033345829
0.0034330815845205
0.0019619390177477857
0.1840291702446524
1.550706815432106e-09
0.3059764930740529
0.24496669903054313
2.8786992936014793e-06
0.9736912669213578
0.13204995249356793
4.639222729195904e-09
7.585430704533845e-15
0.9983014441815146
0.9997450325097366
2.0587193524791427e-12
1.7523342283959246e-08
0.014758855551163763
0.9560060858491544
0.9972547750405123
0.9996840499227413
1.900939975729087e-16
5.058985063352968e-31
1.1275497661811155e-10
2.6661921081360817e-46
0.6575864767529854
0.993967270430467
0.06290327813626392
0.9998520109514597
0.9996140744884155
0.9952970934596316
0.9998060188167832
6.560108016848914e-33
1.5031287466562809e-19
0.9997270372611091
2.2110226848044482e-34
0.9995381067055668
7.978029610298337e-05
0.293866704649405
0.9997210389168807
7.052845898546296e-13
3.0864464651013313e-26
1.274155555407528e-50
0.9980069886898014
0.9388120308040334
0.9998460118573913
1.60341464907007e-27
0.999161351862089
2.5365394832830553e-08
5.549998074929739e-17
0.338485507984418
1.1616812947457051e-36
0.6686898023507356
0.979123984936483
0.9352662788729903
0.9984372224106335
0.9989725282109841
0.001005110292209937
2.077884678841588e-15
1.3266178943329815e-19
0.9871344775948984
2.2371729117977606e-32
0.012099163028139764
0.0538181235275524
0.9986948524468611
0.9381682266009911
0.9994001799640054
0.14174707096131595
0.9998960054078125
0.9994261647064846
0.9120349201524417
0.9810714384488768
1.854682436058641e-16
5.487595392216117e-34
0.34252658632016975
1.5139688858302025e-28
0.9997330356413279
0.9998810070802191
1.741200857085882e-11
0.999202318317322
0.7264242997177179
0.7018567188434744
0.9997290367171832
0.9998680087116166
0.9997000449955004
9.231211760120796e-25
0.9987997209118661
0.7012617966285652
0.9691527914563141
0.1941745077041691
1.7774344829827355e-11
0.9993841896890485
0.972114191942281
3.850906968644751e-29
6.194453543548811e-14
0.9707658334211514
6.662410139635407e-14
4.925897595144454e-27
0.02083848002953328
2.1671740179108236e-11
0.9990204800431731
7.415344207252551e-15
2.4793640998040672e-12
0.9997410335376046
0.8969438647368139
0.9371536775498253
2.2741821378125416e-16
0.7609154736672954
0.9924387313138228
0.057993751905836145
1.961783755804083e-23
3.554010463561334e-18
8.085427156565075e-25
9.353582218597866e-15
0.9994631441586944
0.9990944102940819
0.11258036013794559
0.9755176751655833
0.02224411054532098
9.471446811109539e-18
0.9765620377123321
0.005181747108207387
0.9929926666594844
0.7417937792368704
0.9723679468599542
0.9991983215160423
0.8848244634779904
0.39912205764026826
8.966414993805598e-10
3.804563186032058e-45
3.8414130386459894e-46
4.844742144294055e-11
0.9530175118484144
0.9979550936756716
0.011896131687358544
0.8461843798812677
0.5164927641038782
0.9996110756506903
0.03584153007363446
1.1182556052182855e-32
0.9700748941513246
0.9961574017480432
2.969688923202473e-56
0.9993821909226679
0.3342787677956819
0.543038532130259
6.267011341125903e-17
0.9969386953780978
1.0030347113702182e-12
7.764370937632617e-37
1.399631419173969e-10
0.9926064676327345
2.171500733633784e-27
1.8324614023844857e-44
7.137377869369997e-48
0.8702332498420865
0.22347449226721391
0.08225550183194484
0.9963865443008287
6.1439331541546744e-12
0.9156537389684298
0.16719090094462793
0.4190299005129633
0.9751070686630721
0.9945290206177443
0.9990844193999334
0.948587730449319
0.9892482180820048
0.9994751377883859
0.7980356566593891
9.540483026895924e-12
0.9573798967485821
0.9995451034968024
6.203992993294789e-12
6.993762944563886e-08
0.9990514501580887
1.3063364036766987e-17
1.286085687717965e-35
0.3451500599983452
0.9619046015708957
1.025968668668937e-13
0.9756718191353124
0.9976397896867242
0.018604626362951827
1.1391927869101919e-10
0.999487131562002
1.7660708299246681e-13
0.9643046570651149
0.0696454435594235
1.3018533850282037e-10
0.8536850048620641
7.395530023998129e-19
0.9991743410440928
0.909460238460465
0.8046354188422585
3.541049042498186e-11
3.9775817054696135e-11
0.996998513494346
0.9844609957716223
0.9946254946116573
0.30165207357799423
0.9996520605449766
7.753776561518764e-11
0.22110910754392632
0.4578960892389104
7.617893286466466e-20
0.999670054444011
0.9980319391763984
0.9595700110653362
6.919813143543259e-19
0.9996270695558516
0.022349596763206827
0.7507864664037301
0.9996810508750902
9.73887813627945e-10
8.429336171400108e-11
0.9632512478679401
0.9993522099066577
0.03657417093007453
0.566991481033234
0.30914866539539326
5.257976241038583e-56
0.4680467944134669
0.6408313251381251
0.8311292173546418
0.9992732642004716
5.018899078483127e-71
0.9992003199146837
0.9992642707815642
0.9997290367171832
0.999866008977599
0.9876775508890415
0.9983972857204763
0.9985380696627976
2.5819761255042154e-22
0.9840663060528954
0.46967185921335614
1.689304226643722e-08
5.2498945922954285e-43
0.9350231412497441
2.5831406191478497e-21
2.0823815379906793e-13
0.9996410644327893
5.588415474452865e-30
0.9927146676344994
0.9995511007854152
0.012427966288490922
0.9877615070489533
3.988932127905992e-06
0.9998180165609953
1.617240763957344e-05
0.27697971680680905
2.2680336189426456e-13
4.4713167041671574e-10
0.9169567247885989
0.6001623962327434
0.43407410960540965
3.1937127641538274e-12
0.9867377292866581
0.9977595136447803
0.048839151643851775
0.38618181387926337
0.00227947300702924
0.9997730257625506
1.0444338099660027e-10
0.5309581895061932
0.9972517832806748
0.34534926904924856
0.01286368569188148
0.3647263254218766
0.9995940824068472
0.9996640564416783
0.9901349816961798
0.5778678902590787
0.025013414950779453
1.708547477013883e-17
0.9996380655140944
0.10382100172072528
6.458856874895184e-36
0.8661873970563206
0.7450939210686691
4.147514374596857e-13
0.07278109802545023
6.45603287382171e-11
1.5502325514563657e-21
0.9996660557717906
8.137736116241486e-11
9.718428514519047e-10
0.9996510608934158
1.0069727552060096e-06
0.6558619199990773
0.03565478213085482
7.682164357590722e-25
6.027029974061689e-36
0.4217768062511289
0.9846401839784849
2.242388422733583e-06
0.9810832113767756
5.6764953300137764e-11
3.586373367656167e-16
0.3008751151987114
0.018247521799178802
0.9996130748748409
2.1003951378383256e-16
2.567493460863045e-12
2.5147419877433547e-13
0.5550622551971841
0.1849423729494127
0.9994791356969329
6.62792365472452e-17
7.176570702716907e-07
0.9114586961888577
2.4056438501734386e-17
0.2262085313617669
0.009227270450892515
0.9929936596526475
0.9989205829901047
5.841726004655797e-14
0.9885174337069268
0.4783388052380023
0.9853375560693312
1.1716735553066238e-12
1.799870629503955e-30
0.1112828634233539
1.5492066015921377e-10
0.9988916147132401
0.9045017856175316
0.9999320023119476
0.8901360168603258
1.8449717686108197e-32
0.9772048269876263
0.9649663970107119
9.44718873533228e-13
6.361531281658541e-12
0.6030633679291
5.362140819244699e-14
0.5333774201806711
0.47699131299984426
0.17672330820643953
5.0551474588364646e-11
9.030304754094352e-12
1.5126364412248525e-12
0.8344395308830135
0.989357041371165
0.19866942826872677
1.9857855539163902e-17
2.063278855619646e-15
3.8937529647670255e-05
0.9995421048659898
0.41101687785024366
0.9997750253106017
0.5907691187014739
0.6822091476794875
0.62081385027273
0.8305559359994796
0.04434310722523252
8.138473086426704e-17
0.13842494688261492
0.9731072273905854
2.633209614602675e-16
2.162327443652963e-34
0.8827616913717029
0.501936831938425
6.217998490064254e-33
0.9972906768586426
0.9841204311881558
0.9994691409555497
0.9824537599601899
3.2972049209810733e-12
0.9998510110999487
0.9998700084496338
0.030538808327763168
4.0197798556811484e-23
1.232447377078012e-10
0.37754368316287634
0.9770211297482342
0.9727676722240491
1.1853936966562376e-21
0.9961992412375398
0.9229382021232575
9.226827764153224e-14
0.7075705055091664
0.6174674033317917
0.9988836236122868
1.2634472309856766e-31
0.4987197321690342
2.785684120464996e-16
0.999739034057537
0.9954364448070826
2.0623947605889523e-41
0.5484292476615182
1.7604697447996538e-18
6.156368755148085e-12
0.06310993962811863
0.7931626271497764
0.3134053118804874
0.09058759462292697
0.12997385033882322
5.486049897532723e-16
0.999752030749458
0.9995171166257225
0.0009521566389456237
0.9994661425526246
4.51396995734973e-11
0.26715052911203196
0.5016447896947732
0.28428358508435
2.1609586224664842e-10
0.9758699006191873
0.6678938668697998
0.9144394723009391
7.943732332336952e-24
0.9814776861118584
0.9864032818884669
0.05619508395606182
2.425117441921115e-21
0.9981157773804445
0.6221207955711591
0.9977026429733321
0.8936491772577078
2.3530248036051397e-07
0.3828075103812721
6.620028340342916e-07
0.9993512105549475
0.8989040319376045
3.6033902516039556e-23
0.2895993103099
0.23143065425135154
0.9924069737825439
0.9233231476090986
0.9998480115514147
0.9998680087116166
0.4334503596195217
2.8636760049291914e-12
0.8529409160077143
0.9860157015632071
0.9969456739733905
2.8853324172186017e-12
0.5897662541434812
4.5288070387749454e-06
0.9995301104326982
0.9921777542474757
4.227666887811322e-46
0.9991993207148634
0.9733359344610504
0.1332016677911041
0.9555110029342297
0.9979830368094966
1.4850061741762404e-10
5.070821976174881e-10
1.1485299954605739e-20
0.9438009435077519
1.3573706568817627e-16
1.4041589169438867e-16
6.85422216568841e-09
1.5537776181831936e-23
0.996632682174047
0.9965240551319714
0.9933869630107952
0.18167189383450572
0.9701631749834093
0.8906782747953755
0.9997800241982254
0.2939222507055207
5.529125933236601e-08
7.198670439472386e-36
8.732618799639928e-14
0.9996480619447317
0.9691401925519182
2.446281554712259e-23
0.9998730080641586
0.9865986090750342
0.9997470320018012
0.9901597353801419
0.994972679489514
2.3950435032896e-15
8.312333659634247e-15
0.09767545302170551
0.9996610574540075
0.3876090695451464
3.686218426597417e-12
0.999752030749458
0.6006036777450642
0.4598380116982034
2.0452985455567774e-19
3.533663045761462e-11
0.9418351685730465
0.9994491517726232
0.9690365000989603
5.30445778190227e-06
0.9994171699114789
0.9140052166954674
0.9990564454278277
1.8160627561737565e-09
0.9994531495772259
0.11207690405169542
3.738324564969401e-38
0.6881069517537008
7.098297402852679e-21
1.7271558234801052e-11
0.4186098242262233
0.9954454037754011
0.9906866405036998
0.9983164188154867
1.0578293472537105e-11
0.9995071215045319
0.2390429586253976
4.728721343773446e-09
2.8509254217456653e-07
8.686447243420717e-11
0.9623250457421427
0.4408895008049954
5.26983790403858e-28
0.10921192700260543
0.9993422164345261
0.6841473230332322
0.6223771621468226
0.9988356783490488
0.9864851567586238
0.9983843066401261
6.547442011537064e-37
0.9992882534118533
0.9989705302679257
8.502753251034072e-11
1.404180469603033e-09
0.9995511007854152
0.990438009361447
0.9993542086130762
2.3538149500887514e-15
0.13723012744564186
2.4278772160353673e-14
0.00997226040543528
2.8965442685793648e-15
0.5813228480239695
2.041178238300891e-13
0.8729150814338055
0.0003144768793834815
0.005773995367760663
0.9762417778894447
7.305344539098904e-13
0.8583099479760592
0.9989345679761612
0.9987587709627884
0.0
0.9963177960011156
0.9970693029017983
0.9934803457742393
0.005331306227520352
2.832923212802782e-12
0.9231098845948273
1.7795170778836435e-11
0.7239514115262957
5.721832600962141e-23
6.558333826935939e-17
0.004822503921583314
0.5689902388066813
0.08107456436806873
0.11084948376386375
0.18587683537632432
0.23533929443911264
0.44822228398913094
0.9069735421682737
0.65737016638714
0.9947458515779549
2.001976232586704e-170
0.9949945691292479
0.0009783549687980596
0.996304843953956
0.22626056530765448
3.7179397116077016e-18
0.9976976544725885
0.9997960208065851
0.03887569619850038
1.976989268359246e-12
6.487023156824361e-08
0.2403723739350636
0.9965350169568677
2.919687811887422e-29
0.028544699981235704
0.9042250504137782
4.396738939084484e-12
0.0
0.6347722537078049
7.363777312793981e-11
4.6447378327975033e-10
4.245389938688243e-18
1.7528721145836936e-07
0.9990804230702485
0.9991073986058395
0.999458146855467
2.052217910617903e-12
0.9997690266784457
0.6385023008449888
0.9996790515149877
5.511981287627898e-23
0.9997760250861268
0.9997670271423919
0.9995560985534135
0.08419615700889274
0.9992342933031052
0.035256830339432874
0.9991873303949569
0.9998540106574814
0.00024657163455142124
0.9990454558673707
4.404169667773081e-08
0.9979491059630727
5.741580179092282e-05
0.9951746794457522
0.9999680005119945
0.8770730453987392
0.9431188220422194
0.999866008977599
0.9995511007854152
0.9894619187759546
0.9744948936670198
0.2804555594232462
0.9611248131859522
2.936266930300459e-11
5.786277210281898e-12
0.9988926136053542
0.9998840067277398
0.9999480013519766
0.006882309501557671
0.9992742634742354
0.1941038410454769
0.9873654940905314
0.8209155805244125
0.003948968000109593
1.7537864143556693e-12
2.1149595707424347e-29
0.4509111344614681
0.998877630328525
0.7405774938802204
0.025130324868331225
0.9685046450679704
1.8960827471061968e-22
3.9182386617961906e-24
0.9999050045123571
0.8338864808303892
0.9990594426016597
0.9990474539602805
3.5172078161309587e-37
0.4241916165552715
0.9985210946599011
6.64218345285833e-51
1.557277518059726e-12
0.9978213766523597
0.9971351116474546
1.0421852117036401e-18
2.415286539446338e-10
0.9202986886998152
0.9979401244615359
0.28280660203167046
0.9998900060497782
6.094812782368909e-22
0.004505398205185878
0.11243207696336135
0.6619197195240595
0.4726391868893341
0.040847935398245036
0.9991333757359044
0.9998190163795118
0.9746235354831569
1.0963149504994818e-27
0.6990548993428601
2.848289005268219e-05
9.560300971312306e-13
0.9837199756708879
1.5672069509961166e-11
3.196543944818561e-13
6.524552065694744e-14
0.9977764757006894
5.456713054632932e-28
1.7661854640147791e-12
1.2185957959473352e-13
0.525200071717901
0.9995201151815702
0.8529375042508738
8.309921886826155e-13
4.552273447138935e-19
0.30784834611877365
0.5593119004391681
1.8457266457103322e-22
0.9996000799893344
0.4844330698104506
0.06518303782201916
0.5390602140145555
0.06440261764734372
6.44148627747586e-14
0.06780597236065733
1.7839573303892762e-12
3.0431354895356193e-15
0.9202554356779002
7.932609298381295e-11
0.9896835830712346
0.9997130411805603
0.7340266082521107
0.9993282257414311
0.9849691087273089
0.11683752318914227
0.666500092885695
6.689826435555642e-10
6.693130465971701e-29
0.9872805843092126
4.411550164259139e-23
0.9529403205562443
6.96392841595218e-51
0.9437688548211834
0.26295772530753697
0.9995121190526333
0.15168519368422914
0.9300583061640673
1.125070862919592e-11
0.9953090370964147
0.0008109882437066368
0.9994111734264489
0.9656536977354062
3.413494299557161e-16
2.616163252261108e-09
0.9998240154870914
0.7894727195249818
0.9014136731929483
0.5222222580572202
5.455283965276277e-18
0.9713368115823314
0.6508949610145354
4.908186085101075e-37
4.379901176967137e-34
0.5830245405207328
0.9795637103166799
5.250397389026581e-19
0.9232446684769622
0.999820016199028
5.298036614958231e-14
0.9995930828132646
0.8134368360670948
3.3609307009191946e-10
0.29191488760717077
7.295089093911706e-15
0.10262979384984193
4.6215911283115945e-22
0.5836224470495146
2.2995350031234508e-10
0.6675733547427666
2.8282488634055388e-08
0.9998970053043179
0.202291207182839
0.9809890319091702
4.713658673488066e-15
0.8173302851712982
1.0593675890005908e-12
4.5211154481019876e-08
0.9978702710977199
0.37866135339306184
0.9993741958971206
0.9987737524567137
0.9963108218009533
0.9981147792651662
0.9993791927805924
0.14000515998728522
0.9976657286584611
0.8928791835818641
0.9999740003379971
0.8564828369551487
0.9995900840385143
0.0018053315858442185
8.011981557398531e-12
0.07417137388096566
0.9959771135748987
8.063133332113805e-24
1.3192029082641308e-29
0.9839708562505984
0.974429604696349
5.0058160154305405e-80
0.9087856692596502
0.9926392241866465
0.15805566466416773
3.654659844002687e-11
0.6790795504761512
3.909876328480281e-08
0.9040505518187044
0.9987487834250165
1.430597927366225e-16
0.9984372224106335
1.8004937447743785e-10
4.073363304456581e-11
0.4593770253957471
0.8447335726340203
0.9799056377144407
2.2953482110804596e-06
1.3840984968875705e-11
4.662001589489624e-74
0.9970214447238644
9.216313459692367e-12
0.9998530108039706
1.7299313816766977e-08
0.9999600007999894
0.9877289114570509
2.954359034424621e-83
0.9966765349768172
9.86952264365759e-16
5.517306255305639e-08
0.3321907257043989
0.2511497259417743
0.9869400312564054
1.0404037509489733e-20
0.49836227828360047
0.9998350136117513
0.8914615251870369
0.9994691409555497
0.9998070186233019
4.703582229567316e-15
0.9995530998896159
0.8447614493018797
1.486017461392786e-29
0.23884750143813038
7.561985870247341e-09
0.9999330022444499
1.2241285571456606e-13
4.152169048041234e-20
2.032278364706856e-27
1.365331816224429e-16
1.9865781796217046e-07
0.6806309795176154
0.9811548330653659
0.4019442023986846
0.9005883563211381
0.9942963280530116
5.304061935471382e-10
3.6808765985443874e-10
0.8265209617282662
0.597727090261811
0.0
2.3646783842129903e-11
0.9996640564416783
0.11736799778700224
1.1663130484074282e-81
0.9998790073202047
0.04080625093974062
0.9997010446960451
5.55430551187127e-15
0.9998040192067451
0.804224355178941
2.96788390484725e-13
0.1356694318810186
0.9995121190526333
0.5151016598663732
0.9957908832677366
8.806029645970726e-18
0.02404810691696075
0.730243674393255
0.9995121190526333
0.7744873131163894
0.4728079492013339
0.9881675604666118
0.9544853349993497
8.35936731285628e-08
0.9991923263440987
0.5763570107266428
0.017476240609353492
2.149039353450227e-10
0.9632262036610717
0.6901481460612063
0.9979630773483557
0.26252105254365904
2.2705005230341874e-14
1.076641790986201e-08
0.9630355037526608
6.233021510717741e-13
0.1434912817476299
1.2233154367752978e-08
0.15462537856413255
2.456460660297088e-06
0.8660756660889027
3.2579566647920545e-13
0.8955278124064567
0.9565597736500112
0.9344024919623211
0.9869350965685858
0.9935508853829157
3.851595179828429e-15
0.9996850496072911
0.8953352946231927
1.1893976743020208e-11
0.9585160228957587
0.9992642707815642
0.022254300681313757
2.759242821119016e-14
0.9860235897203722
6.499379260084757e-18
0.9948254344293528
0.7626958126450645
0.854209328405905
0.9988746337001289
0.00030653243020879414
1.531630366209825e-19
1.3581068972213162e-51
8.398825761246697e-42
0.9993831903053585
0.9788802134150477
0.2054285487813994
4.520032612272256e-13
0.15804302071675924
0.5051827671670512
0.9721783535962605
0.9968798777302081
0.18307488540149416
0.42194259711175586
0.5011619382925624
0.4981804092451456
0.9931416267312093
8.768860644318837e-31
0.9839196910963789
0.8345021161947496
0.2390568235190759
0.9977904446691317
0.999189328771616
0.9901260705214449
0.8729430151633487
0.9864762784321655
0.9998870063842595
0.06862660441309118
0.9824832340150973
0.9171190404934026
3.3593108102751436e-09
0.9997220386384195
0.9989305722458808
2.7393279778725385e-39
0.22988042420774743
4.075366942268908e-30
0.9996250703037117
7.867051187349038e-14
0.9982435443768626
0.4006564307878251
0.9993741958971206
1.5282092895388215e-07
0.06555229879834046
1.8167526532630488e-07
5.541344766411539e-13
0.9993901860121756
0.6281344770548497
0.9996150741029898
1.4383118736482094e-12
0.6798609411727335
0.008378519925131396
0.31200938858712435
0.9996410644327893
0.9982625111843898
0.9793717346436884
2.967826963608232e-11
0.9973325639466933
7.63208941364948e-50
0.9916004747991181
3.4258311572678532e-12
0.36605451814257955
1.5997290992095484e-14
0.1252808828186531
0.9997150406086421
0.9518793361172003
6.979128944452156e-12
0.05088678580673712
0.9996750528067792
9.312086769001107e-13
9.987858536014437e-13
9.797757058548368e-16
2.7615485214715768e-17
1.375237049545054e-12
0.9998730080641586
0.9996400647922247
0.999754030255519
0.2719954338889565
1.9140069610578132e-10
0.6063869289790462
0.6329391443039056
0.02103013226371205
0.9996180729527104
0.9971221489752607
5.78299624547161e-10
0.007364905942683058
0.13961048276964316
5.84042181562397e-11
0.706929736943166
8.032307228321441e-41
0.9991063994989404
0.9996640564416783
1.6709754504348863e-06
0.9998570102240126
4.5436607645106786e-11
0.22153493097762547
0.9998940056178015
0.15165182661213109
3.684382461592224e-10
0.8020510658604222
5.3458646634458067e-14
0.9998090182393388
1.5582977240500833e-11
0.5484308929517292
0.965219251329198
0.7844730974529893
0.8027724339750141
0.9999090041403744
0.5337183572699656
0.2608574994184597
0.765004930559924
0.9993042421518176
0.9743896539015534
1.293699602824824e-11
6.305374102509078e-14
0.974274682705827
0.9290720376092174
4.932562258329698e-17
0.9991223853292187
1.3299163199646878e-11
0.5955130357489058
0.05944135991791376
0.9993542086130762
0.9565119468570085
1.3298764230735467e-11
0.4412785368843964
1.5570143603966232e-12
0.9564402111511168
1.3051515168005927e-23
0.9998850066122466
0.9950980539455545
7.797603304657323e-26
8.486715197582598e-11
0.9406877709834691
0.9959970333163669
0.017924908448232725
0.9998250153116068
2.1801869956825464e-07
8.481429026437613e-21
0.8281781423269255
0.32814358737583604
0.999712041468019
7.088609563162741e-13
6.675165666532463e-11
0.8604377565472013
0.3045469550328487
0.3238214484901013
0.9997850231108437
0.9992692671154089
4.052979260669214e-67
0.5074728840180299
1.4550768890750807e-08
0.9963725949868539
0.9636443345613028
0.9851552854820076
0.9998380131212914
0.9997550300100492
0.9618430416463338
0.9918632837455872
0.9322222752256801
0.014478174071650208
0.4495730159988266
8.639717278466899e-20
0.9997410335376046
0.9982904629260255
0.006670549757749158
5.583146916180408e-17
3.893923837358793e-36
0.9997720259900247
0.9998870063842595
8.588335367294634e-10
0.9365128836108916
