0.8940813639371995
1.0
0.806650274156708
1.0
1.0
0.9088006730653668
0.8865929271303319
0.8416452364073647
0.9529174875365674
0.7921124463813971
0.7515269466130273
0.8945161083049651
1.0
0.9270223762127644
0.8592459284402999
0.75
1.0
0.9291512574676106
1.0
1.0
0.9192673232355902
0.9394984219530723
1.0
0.8109211879334476
0.5557877418269073
0.8324990060669916
0.8065263493904399
1.0
0.6935236416276135
0.9160213966388491
0.690731104842985
0.6810750476307347
0.8926342010670425
0.5524076474431577
0.8087161407212715
1.0
0.854720576449392
0.8861706766233526
0.75
0.5900057128463758
0.396363003061157
0.5805444712388353
0.9053151990625938
1.0
1.0
0.8808327033107677
0.9122975158470044
0.7052997370702624
0.7871672542817285
1.0
0.8870365866306716
0.9070857135860967
0.7734141753241269
0.980976656443197
0.8773536611803718
1.0
0.7094027529182311
0.569300666903577
0.7829209451224489
0.45528492089664674
0.9079136973555868
1.0
0.8201335923061854
0.8470353967678945
1.0
1.0
1.0
1.0
0.8979370331618518
0.8409417899173408
0.7854888992843726
0.49819422550140424
0.7789390715521903
0.8200015714642765
0.5121682331341573
0.6551403285344853
1.0
0.9958663447446284
0.7101673428330749
0.6309087182389874
0.75
0.8878218341983417
1.0
0.8301757691408719
0.711105724580275
0.5771654984602975
0.9240509501871081
0.7305387433728895
1.0
0.9948179535517887
0.7402779086968009
0.5284321734370221
1.0
1.0
0.5934408221894897
0.747568902331964
0.7644679277112992
1.0
0.7042943456070633
0.9662072621893403
0.7551219981872664
0.6731738216984906
0.6201065904560785
0.75
0.9775698350111688
1.0
1.0
0.75
1.0
0.7122391952626463
0.43774526132974395
0.9045392311534095
1.0
0.75
0.628758746300466
0.667187592365813
1.0
1.0
1.0
0.75
0.9075011578874628
0.4683611079064052
1.0
0.7436881036079752
0.9193820981671331
0.7409676000975391
1.0
0.8822497669034197
0.9746892192662753
0.7880937733753225
0.6772331494640536
0.8168798287706953
1.0
0.806336184726117
0.9556461146484417
0.9083179956700491
0.9289535661110371
0.8823299473601423
0.8625635460406911
0.6485993627697769
0.9778654563826417
1.0
0.75
0.47807931865968767
1.0
0.931219644044248
0.7988180627707054
0.643535051647779
0.5353234606077546
0.5781806803920151
0.8531661515835317
0.9526807442116398
0.5793000147252643
0.871412902879576
0.8126294110123956
1.0
1.0
0.739264617294426
0.75
0.817059426978525
1.0
1.0
1.0
1.0
0.7433046858448792
0.9275748829298729
0.6414014498005511
0.9368073215361241
1.0
0.9081295174116187
0.75
0.6582199998531858
0.5258977816993105
0.8244738074103282
0.9092327768301214
1.0
0.46530759348095996
1.0
1.0
0.8531093656997466
1.0
1.0
0.8477175970897053
0.8216871363227742
0.6839308833734087
0.9182397258535487
0.7890187614454944
0.6809031711915345
1.0
0.9704526610378261
1.0
0.7762580808998217
0.8307544561812055
1.0
0.868684047026177
1.0
0.86239025053592
1.0
1.0
0.8145567510036487
0.87892066286299
0.8771024400340188
0.5601505454478755
1.0
0.7754594864970906
0.8945766557021742
1.0
1.0
0.6601863347882287
1.0
0.9166535522451106
0.6129895543723174
1.0
0.9674792495998816
0.739164175745526
1.0
0.9767210455600532
1.0
1.0
0.75
0.7686475587124959
1.0
0.9210032703428546
0.9044041493854225
0.5316130459851747
0.8566193586136397
1.0
0.39142648309734707
0.7281430231498354
0.8829176576863953
1.0
0.7464337223197165
0.5729888923523698
0.767528466167202
0.6575279341983483
0.862445045622005
0.6964665342753498
0.8622603026030307
1.0
0.8533443611303071
0.740346047487263
0.9316593577614665
0.9128465997201697
0.1949053391319213
1.0
1.0
1.0
0.4488669079831562
0.9526439446056325
0.8668129077553566
0.6823459649597854
0.7517583616378157
0.974768733572596
0.4661376711228913
0.756664083471568
0.565187034735286
0.8849801314483421
0.75
0.5502467072074559
0.7684254605424186
0.9504888605772102
0.5450258890063663
0.45076098631840544
0.3990850932763159
1.0
0.9675981641954869
0.5733204026008996
0.47555056273357077
1.0
1.0
0.9248302115962095
0.5863091259377469
0.9884081167828156
0.75
0.8614790550306687
0.9841632052798007
1.0
0.6505008124825475
0.9683468226831972
0.8815816417488525
0.75
1.0
1.0
0.9304727212782078
0.810130116217582
0.9313403618337628
1.0
1.0
0.9313234272329329
1.0
0.8837531943955648
0.47277943802487665
0.75
0.7974153490424878
0.75
0.8705896711989698
0.7202727100788227
0.8631426060256644
0.9337648422415628
1.0
0.6558616805696461
0.8442796482065763
0.9346332180883183
0.8091512684017987
0.5473696364904775
1.0
0.75
1.0
0.8624143953724482
1.0
0.75
1.0
0.9540906064577233
1.0
0.45865972290229196
0.8312432482838824
0.05615922310420682
1.0
1.0
1.0
0.5906518296440033
0.8447351342103483
0.7752339464731219
1.0
0.866163223039845
0.8730975804187324
0.4823872477054629
0.9228445108542649
1.0
0.977279907821031
1.0
0.8705273283725186
0.9567535917683115
1.0
0.8742398079465805
0.8407082088791636
1.0
0.9346058689507075
1.0
0.538043144557117
1.0
0.4904983915682176
0.8251627013907029
0.8240481421772097
0.7609518520756742
1.0
0.75
0.6602184038635475
0.8018952800240204
0.9580387495800451
0.5790125697695545
0.5056371197229832
0.8843536423555379
0.7383698883936693
1.0
1.0
0.7802572346117886
0.762146703630809
0.9297481875949354
0.9110309228110468
0.6913687239773183
0.9731411516148325
1.0
0.75
1.0
0.8419354208171739
0.5068904503149076
0.9032656958986153
0.7027298115046557
0.5207310599488093
0.8745925219793054
1.0
0.6832017972308448
1.0
0.15338969005778666
0.9131449423333003
0.7674218248690218
0.8260538372948261
1.0
1.0
0.9102959305568491
0.8562839997356277
0.8986670138511251
1.0
1.0
1.0
0.8725970842697321
0.8165244375047148
0.7352821805879373
0.9786597489270303
0.853077663664926
0.9229979821938519
1.0
0.7977670546690288
0.75
1.0
0.9750655343692642
0.9069897582412312
0.9773339441442196
1.0
1.0
1.0
0.8590392988392332
0.75
1.0
0.8490895760885533
0.9927277109052263
1.0
1.0
0.7076424589896065
0.9225830763233485
1.0
0.5086719911093827
1.0
0.8387796097028809
0.8635898809741112
1.0
0.863116669429977
1.0
0.2128449530030409
0.9703778339003518
0.8681674718123031
0.75
1.0
0.6927621225413763
0.3651029505961945
0.9055526027020999
0.5649232458240971
0.9317881734213829
1.0
1.0
0.36474329942714767
0.7720528111965914
0.5684709250996365
0.46805715819339566
0.9332029944405882
0.5943270684762498
0.9666188273161451
1.0
0.9452771382546827
0.8445605591259318
0.36283647705801403
0.7536999215291591
0.8506285616959668
1.0
0.965532277831274
0.8416316572026616
0.8514034732570896
1.0
0.5650724797404106
0.7372231597205918
1.0
0.6958401673324441
0.8958763920728132
0.8444532924472063
0.9374949008681198
0.9265312095726601
1.0
0.5883633276250035
1.0
0.7968152453515707
1.0
0.8665736025405549
0.9478879835919585
0.16896900597283437
1.0
0.8119658133746306
0.9873681902852036
1.0
0.7764185427243029
0.7707421657097132
1.0
0.885549325770987
0.8332841662162839
0.38416945868021235
0.7944626861751506
0.9272017496376874
0.9298991392168352
0.34652266806582016
0.5612449701142981
0.7320828672705271
1.0
0.8208252825829607
0.8754407909556329
1.0
1.0
0.8678030498781211
0.9420151689157439
0.5639512539585955
0.9310670684219431
0.9331365193065677
0.9641785230412196
1.0
0.5364729681546758
1.0
0.4550544404957191
0.7255927817341834
0.9834064158234985
0.7635387212200672
0.7090975365478245
0.8500181094800074
0.9841974283224264
0.8978796382138934
0.8303498973451328
1.0
0.7407049486056243
0.8617369847273361
1.0
0.5866040469160042
0.7701257664358254
1.0
0.75
1.0
0.6423685311504131
0.8780333786535521
0.75
1.0
1.0
1.0
1.0
0.8902533534785839
0.9590608913116075
0.8431514612971753
0.40125631566610487
0.8301920988104531
0.820347942419324
1.0
0.6837378146559103
0.9264249182914449
1.0
0.8979729171036764
0.8776285227923489
0.8127400413940786
1.0
0.9873843707630354
0.9039068424721184
0.6593553788059117
0.6235998086113336
0.8196547461074623
0.9459672561202921
0.9551065331578719
0.4797423213866026
0.7835176071273968
0.5867315282627189
0.6188434568624575
0.8615195817303336
0.940667224012745
0.3951021315062595
0.8490690931615492
0.6927608183899333
0.5747321131404693
0.8165592795640512
0.75
0.8925086227132053
0.898516947718305
0.8882700838163213
0.9150197801658244
0.9684767228938227
0.7155936940782882
0.9244058084035314
0.3934710817245388
0.75
0.848284604305107
0.8060112897615921
1.0
0.9282966016752099
0.6718069092100956
0.9233662188212818
0.22529072035790532
0.6205135339873152
1.0
1.0
0.8280096857829541
0.9752761039283759
0.44909258331904567
0.38173371718533017
0.6681781623010817
0.876045904482541
0.9410087250283439
0.9034985360099905
1.0
0.974387719823664
0.503926383270185
0.9308859119459696
0.548972179510331
1.0
0.9153905436114723
0.8229123449283182
0.889830912598403
0.4285117421660657
1.0
0.7925570999120926
0.8679540659849833
0.24010683255376206
0.8875724997240793
0.12409106124614117
1.0
0.6466896412970287
0.64875023942467
1.0
0.8220311039574141
0.4359279476746755
0.6634005009024612
0.8361163641543454
0.6059167407303525
0.650194502980362
1.0
1.0
0.8553982905441864
1.0
1.0
1.0
0.7932115298516403
0.7327317850925364
1.0
0.9714181963061841
1.0
0.712372065338003
1.0
1.0
0.7810642293161527
0.29591943982392516
0.9221766575702097
1.0
0.8263624186244523
0.8907672677883419
0.9367203730444065
0.8174547778867137
0.9802413447446284
0.5479844155246204
0.8402569725385622
1.0
0.721691176363781
1.0
0.5044756687750792
0.8687405831065234
1.0
0.9831068159429734
0.6516906873727781
0.9158013920744372
0.9355523512978156
1.0
0.8202726712306965
0.8216833839172308
1.0
0.75
1.0
1.0
0.9196094285209322
0.75
1.0
0.9047630820232155
0.7527841337582759
0.7421344016589515
0.7679845170115192
0.5662885070863652
0.9660898620910937
1.0
0.8323497540986111
0.5477690473528689
0.5760178236029552
1.0
1.0
1.0
0.8672494443276949
0.50365917019941
0.7856836911539272
0.6393397496719053
1.0
1.0
0.7336720037100317
0.9078404488457095
0.6821637087002822
1.0
0.8264757803387176
1.0
1.0
0.6819601604630302
0.8880173232355902
0.9700358355904078
0.75
0.8942485975721415
0.8062513281822886
0.9138394349344123
1.0
0.75
0.9416363299301135
0.9095606330379766
0.9376284020198226
0.9712290967646898
0.953250167571765
0.7493817299208156
1.0
0.9335724540651
1.0
1.0
0.4472528812355695
0.9703351918648951
0.9173040445244396
0.889605225495555
0.8377824167185561
0.7788658727032916
1.0
0.562407128310438
0.9043551796583977
1.0
1.0
1.0
1.0
0.9141091997665869
1.0
0.7062524954360244
0.9035840387401541
0.75
0.8952123336689652
0.9792146168262167
1.0
0.7941474962534929
0.8348987599950755
1.0
0.6519405488325348
1.0
0.8037002904015922
1.0
0.9792669373770291
0.9676702108997591
0.861858754090509
0.5131108066065174
0.9068345502475279
0.795847881060062
1.0
1.0
0.9854169344817341
1.0
0.9631728873809561
1.0
0.6664376957842398
0.6991237116265995
0.8089833874292973
0.6970763040720569
1.0
0.7282836883655076
0.45360053461108363
0.9268711109642835
0.8160403365106426
1.0
0.9129875395375262
1.0
0.5435540996574679
1.0
0.9257094199279103
0.8008445312086216
0.9482160688994686
0.9629202041379032
1.0
1.0
0.8249250503515025
0.4539224465714692
0.8604132910458688
0.8933756775204853
0.522165813990576
0.7657008333749363
0.8232840705145474
0.791483956899893
0.6430663952652066
0.9675981641954869
0.8378685413542765
0.6616662111554042
0.6246263724627655
1.0
0.9260247674648379
0.854766150203206
0.6387245610299452
0.8852808997301939
0.7343765965102693
1.0
0.8854189087257998
0.8953265170114035
0.9184522640664009
0.29991066591910176
0.7244135234976452
1.0
1.0
1.0
0.7827532114008712
1.0
1.0
1.0
0.49777731116075685
0.7983705197646574
0.75
0.9323751696834841
0.5178292749569483
0.3663741151350335
1.0
0.8499552915741214
0.8622784737332736
0.9709988669380654
1.0
0.7777709138301367
0.5017004819545993
0.8316661699560419
0.7038626862857001
0.8616162262539993
0.75
0.6015815779820027
0.5308889804825374
0.41515953900469604
0.9527967099173419
0.8160193186230048
0.9723503091674975
0.6258784430912554
1.0
0.4129735370168503
0.8791330757714132
0.6119305259334256
0.8902436847771418
0.8016716787386465
0.16478000524991757
0.7819282578862694
0.9661050028610727
0.7799749935939883
0.8106886357099758
0.6740172401387906
0.8934136041036388
0.75
0.8376900032466622
0.9019117158057515
0.9030895703954266
0.8503564576057474
0.7776412145730011
0.8849174673242328
0.7782649691669151
0.9335460149177588
1.0
0.7064129478135579
0.8953294766015253
0.9451007052798007
0.8735536324465601
0.8444360928657942
0.9108130129886743
0.8229223307731921
0.9219561667551626
0.5029064510399983
1.0
1.0
0.4593768047583142
0.9249034774506949
0.5289900699717808
0.75
0.8966231616925907
0.877787545943824
1.0
0.43856609577207517
0.9624874321232522
0.8008585278345614
0.9450818451728428
1.0
0.8153446899395865
0.75
0.8156358893621934
1.0
1.0
1.0
0.981666866310006
1.0
0.704459799038846
1.0
0.8413710045483445
1.0
1.0
0.606722176933546
0.8838894929527755
0.4033740613880168
0.8388588013345631
0.7844331547577403
0.8465246961682601
0.75
0.9722874202715426
0.5653949658115924
0.9397161008935995
0.9206959214712072
0.3330762999471142
1.0
0.8933360226139572
1.0
1.0
0.8662858684865947
0.4865793091870678
1.0
0.75
0.9038658221296321
1.0
0.8302880176098972
0.6943363104155799
0.9793980162485357
0.9271076988641065
0.6555749480162049
1.0
0.9346000914665092
0.8755559396128527
0.8045178359400414
0.8500064650077703
0.7120592494176827
0.6589702269590632
1.0
0.945526067586417
1.0
0.9169450146707124
1.0
0.6162330845437848
1.0
1.0
1.0
0.9258121769057198
0.7419137047359361
0.622107967128003
0.4786382544244522
0.9112193249356058
0.7195475946974003
0.9442434342354813
1.0
0.7563648733260384
0.41262855249889574
0.9907479175153605
0.8188191064652842
0.6270941613721397
0.4909372313576521
1.0
0.6655715773067847
0.33337129813632294
1.0
0.7722713815748583
0.678600620832474
0.9400150164370801
1.0
0.6934141394336379
1.0
0.8403924123944176
0.48873163396236996
0.8325786205427467
0.8274183428872103
1.0
0.6232762328656608
1.0
0.75
0.8978231275816746
0.843779318772997
0.8831535281562937
0.75
0.7150922033353273
0.8940160836401417
1.0
0.75
0.8635768673311583
0.633496409116038
0.8601766481564532
0.28886958934094553
0.6838131459958897
0.8324360049742274
1.0
1.0
1.0
0.9217123485292877
0.9316473042103746
1.0
0.7214275061268361
1.0
0.6748251826138636
1.0
0.5805697941818879
0.9232057289498885
0.8148304197978664
1.0
0.8656080130514062
0.6426251051924574
0.75
0.8462135972968138
0.7915964356548918
1.0
0.8885780885379058
1.0
0.8656835122972528
0.6922800665492322
0.9187289719048319
0.46066771177649807
0.75
0.8322216587822446
0.8325874836818922
1.0
1.0
1.0
0.8497940434719788
0.9673668312034222
0.5329863931636679
0.7834188910272222
0.24374959654833503
0.7173048142874048
0.6466137929465646
0.9032375275725903
0.6528217110969169
0.8571527406323813
1.0
0.7243474001606436
0.9546241200534065
1.0
0.8345039692043648
0.5640015623180099
0.6842110236462853
0.7772821284478046
0.9798261336627121
0.865328497937697
0.9625908728857302
0.9690182559382476
0.34788476228283804
0.914568173455512
0.9193043490772328
0.8996038882566705
0.8490507687281502
0.6813862768993775
0.5291841751271749
1.0
0.9414878788608951
0.69101091994623
0.8158209463845292
1.0
0.8088254246484654
1.0
0.3802909065755393
1.0
0.75
0.8639666537090147
0.5544791295654501
0.8835061242853693
0.6615222727188886
0.9068840248396617
0.8877433687080379
0.7818787260215845
0.9079475131152265
0.90000626319772
1.0
1.0
0.6980815537995616
1.0
0.542289415486173
0.7514594600807758
0.6314880399289698
0.8104896759415467
0.7016104765809729
0.855505123221568
0.48767884578178666
0.8942784537924544
1.0
0.48144702183183974
0.454743144758328
0.856297748489547
0.8283498476609734
0.5250951895512823
0.8022378372508465
1.0
0.7322892222278969
1.0
0.3421947363288729
0.9885806628672252
0.8986572225165091
0.6688849716511831
0.8491393301577291
0.8810650232722802
0.7382219071041316
0.6599317222364065
0.5677402614169272
0.5087928857018674
0.9709988669380654
0.9267323720451696
0.8725623136659268
0.9066432568149391
0.9644339342006607
0.9465561816702601
0.6792969966377267
1.0
1.0
1.0
0.75
0.5456207489480742
0.6180999368360556
0.8471779943293898
0.5050441953405216
0.9072547851613966
1.0
0.6319948616516673
0.5839933527775207
0.5523738198537802
1.0
0.8853006344094316
0.9845096215357629
0.9483738250653098
1.0
0.896485667568587
0.5984205369578057
0.7619980351389759
1.0
1.0
1.0
0.865738976909156
1.0
0.9243954149398044
0.6674061932248507
0.9128526416039886
0.8348214830194184
1.0
0.9382481825165082
0.7764203494818661
0.6258219516446227
0.7394069510856824
0.75
0.6717056781845521
0.45022458503916873
0.75
0.9139676787069676
0.856407151606287
0.9367636264524735
0.9453991654052797
0.8653293915072126
1.0
1.0
0.7769769755291653
0.87660824254736
0.7312275014281636
0.9305952479045143
1.0
0.879741240508509
0.9081055967688872
0.7525072414730758
0.3203703630383708
1.0
0.5520277111345331
1.0
0.75
1.0
0.9748196888799808
0.913388108638282
1.0
0.7102644084186315
0.5658897938253951
0.9890612027002679
0.851696099266314
0.6110079072773278
0.9422779051037762
1.0
1.0
0.7883018431207349
0.7371704933884494
0.9372002676490037
1.0
0.8767886495430635
0.4530044950397766
1.0
0.7390887908497391
0.75
1.0
0.9628412750063594
0.7280278085251018
0.743815203790233
0.555146889765733
1.0
0.8692543987778996
1.0
0.6406936587335889
0.8853322713331144
0.9194141425914735
1.0
0.44822771027801733
0.8672950021764847
0.5712752622662729
1.0
0.9379942163327106
0.43666280051518
0.75
0.9517720545157102
1.0
0.6931099558645901
1.0
0.8460134408204091
0.9256064302640312
0.8854364429187884
0.7132433007809276
1.0
0.8625671160947441
0.9009305515396071
1.0
1.0
0.8983558782544995
0.941248482992381
0.75
0.8469574768996612
0.8712653829773274
0.9416485368495889
0.7509983565666325
0.8580620724188025
0.9039396481727886
0.8399384148071235
0.5948254183763214
1.0
0.4105737456214913
0.7910149421843345
0.6810953537401107
0.9281723394132295
0.8636981822462061
1.0
1.0
1.0
0.8797400347249349
0.8904926064987455
0.9709988669380654
0.8554161295084769
0.7229872979187899
0.6013599185903536
0.9004294224365403
0.8927488646904895
0.7010847927906287
0.43408127598765445
0.6823514154402892
0.8606116771958608
0.4183000971937191
0.8415502834362404
0.49700661298775284
0.8184392196744994
0.8330759328796373
1.0
0.6345600021612265
1.0
0.7382039773801639
1.0
1.0
0.7038239591152542
0.7446570217859552
1.0
0.7956113706948826
0.5882097791568743
0.75
0.5665081344639298
0.8964759301454337
0.861944337179424
0.8991766538760202
1.0
1.0
1.0
0.8850107834055205
1.0
0.9461988065039953
0.46103618092351883
0.3763920401763776
0.9008181856183024
1.0
0.8472858597734538
0.7531591865881655
0.75
0.4582824869733672
0.47466842288921907
0.75
0.713753647376093
1.0
0.6073298137139473
0.9127927227932007
0.75
0.9274004461185356
1.0
0.8355769920398441
0.8884395686605612
0.7017860490381881
0.8582221228427226
0.5936684016209107
1.0
0.9357144775032243
1.0
1.0
0.9291348816977699
1.0
1.0
0.8817943315841438
0.75
1.0
1.0
0.9023339160361546
0.9712290967646898
0.6925904469428178
0.6966495570204593
1.0
0.9647547042922295
1.0
0.811711269691966
0.9828186285750703
0.8144158290116424
0.5676893338755231
0.7209988669380654
0.7679210128472487
0.9392041854534855
0.8276701376531882
1.0
1.0
0.3943581013423203
0.5881621853004788
0.5225702451692185
0.8387221659527445
0.9703778339003518
0.7892472178594151
0.909075050015372
0.927209760609576
0.9303650116303095
1.0
1.0
0.8992717985523517
1.0
1.0
1.0
0.9383417501502728
0.6367363019641588
0.8916892542573425
0.7106938182426986
1.0
0.75
1.0
0.8669993104423394
0.4392523743706285
1.0
0.9197670183861067
0.8962252760181915
0.8730217511690113
0.6445223539395651
0.5727206350685392
1.0
0.8325277787486467
1.0
0.9029541346977679
0.9688936113657038
0.4283700829253978
0.9180089649841375
0.8685838045569712
1.0
1.0
0.8338724699189033
0.6985335286491914
0.9580638895790303
0.9067336823172361
0.8362064423625821
0.9047290032811875
1.0
0.9469517525843304
0.7464715194841949
0.40188102805986636
0.936101546633403
0.9731596130462447
0.82653884407928
0.75
1.0
0.7655992829766045
1.0
0.9190359837035261
0.6429849049246898
0.7696491897474806
0.408411945851904
1.0
0.9337785310811546
0.6728374845393693
0.4633328232945826
0.8708633133409878
1.0
0.9332950903566624
0.6786218808790042
0.6587045680092163
0.813486369581323
0.8547153238751646
1.0
0.8281966768450642
0.7643421344227332
0.75
0.5238127764077278
1.0
0.6376629732805164
0.9261831447097052
0.8564095677605101
1.0
1.0
0.8365832608670678
0.7526407123611185
0.75
0.5632118169058917
0.8365053373812585
1.0
1.0
0.8167644612854628
0.9448596152153746
0.8977752268966384
1.0
1.0
1.0
0.8846464151725523
0.6912896804474566
1.0
0.8962872269893816
0.20937565038003997
0.8358687855363606
0.7962811895765279
0.5500852165115047
1.0
0.75
1.0
0.9319477702866636
0.9085198233774738
0.8106887013248736
0.9173950744723806
1.0
1.0
1.0
0.9672495632142508
0.4785707779908521
0.8409588539371204
0.894116851568276
0.9952359130318926
0.8968264242685802
0.8222307035189131
1.0
0.8520110817343931
1.0
0.7353184588964828
1.0
0.906600636473438
0.9222026691573989
0.8764788994694472
0.8668855438510541
0.6030350545608933
0.6841887219540863
0.8301988063715457
1.0
0.5269971411798863
0.9025411098590252
0.9060688905719254
1.0
0.8812509992904115
0.6062460905251146
0.7831945666848572
0.8850118867300953
0.8233943932013614
1.0
0.8154900882221441
0.8571477536309939
1.0
0.5455673981100225
0.46160658067361315
0.8409075459671287
1.0
0.9434844800953559
0.856549844215732
0.8461305006398372
0.6638970702231988
0.8972915084366215
0.6652606857971519
0.7867045534335824
1.0
0.6627838069325548
0.4458823379719109
1.0
0.8581930051785465
1.0
0.8664521857602892
0.9049387313408591
0.8219985566836447
1.0
0.9567320885897268
0.8637744421910435
1.0
0.9311641193890181
0.5963843301263407
0.4691925868612374
0.8170789408590742
0.7878125207281365
0.9796418196341609
0.6472965702990012
0.6824768278606164
0.6119115887007963
1.0
1.0
1.0
0.7218165717891282
0.8757052074230155
0.1987357751885523
1.0
0.9651972181026913
1.0
0.75
0.7023793378423882
0.595166853643505
0.629674762586647
0.7991228730633789
0.8932035513801004
1.0
0.9353442260925053
1.0
0.8653159210270369
0.8404548197820435
1.0
0.7848813372195057
0.811647256584032
0.7868827760687297
0.75
0.5527220779714579
1.0
0.709063579552957
1.0
0.6987574544836177
0.7431899888637614
0.8037455780790151
0.8929396100842112
1.0
0.8154997983858245
1.0
0.6242557440302208
0.848284604305107
0.8837242370680579
0.8187740628173227
0.837756823944686
1.0
0.861037291248504
0.9793032097122342
1.0
0.75
0.9677210978365878
1.0
0.9526780398013238
1.0
1.0
0.7673664589879774
0.9488220024969265
1.0
1.0
0.8199548429420127
0.3672912606336671
0.7369483901046594
0.6247920282366762
0.9351370598759179
1.0
0.7513443552279219
1.0
0.75
0.4865573952864499
0.9793876376422684
0.9519612124237272
0.9478154250133746
0.686586387104853
1.0
1.0
0.7245281760654552
0.7855019898565438
0.75
0.7041382463905483
0.8350052835623688
0.5506988228123384
1.0
1.0
0.7530451616010516
0.7706498559005709
0.8690080015369999
0.8860105391602295
0.9536834365653356
0.8635840878654913
0.9442125495302683
0.9248455563806128
0.8104028794400939
0.8518751946169416
0.6274574205678645
0.8670571162889625
0.8472578594646718
0.8089322833304785
0.7510737041011867
1.0
1.0
0.6280379462258131
1.0
0.8413385266121712
0.7835994443576582
0.6589306007464637
0.8890878840438718
0.8334681184551294
1.0
1.0
0.8354675090357381
0.8996819714801009
1.0
0.9022616787504268
0.9128153514729288
0.5711916740636206
0.6349748536818043
0.8258247345365738
0.8772098562399612
0.5430795492905105
1.0
0.9004632031683755
0.9581787821475247
0.7174241530343445
0.7869647764667589
1.0
1.0
1.0
1.0
0.8077163295739818
1.0
1.0
0.9893837942872412
0.9122930233988598
0.8926135128511269
0.8702228654193052
1.0
0.8459529136017386
0.7875339304935444
1.0
0.9887568633548559
0.46501852016558265
0.9359971258337021
0.8550376504788975
0.8875463890965807
0.7582161925930374
1.0
0.8078176965691323
0.8262458492495739
0.5246197226677052
0.6787770138759214
1.0
0.9004811493856318
0.8005529457603862
1.0
0.8033414009261223
1.0
0.6018814839843075
0.98890842811852
0.9435476339364102
1.0
0.8986846695029989
0.2749726836920506
0.5013308597549058
1.0
1.0
0.9438028783978646
0.9310193848891369
1.0
0.8607588082048029
1.0
0.7520072306487418
1.0
0.3730985241202336
0.7731799827396942
0.8886405462072948
0.5981043762118491
0.8030999980358698
0.8681934983956332
0.9113693097882326
0.7412462525448409
0.8217130693191057
1.0
0.8814312210148447
0.8517213247518295
0.8685923068004564
0.884139627425176
0.8747974189690186
1.0
0.8832451796466343
1.0
0.7941809058051619
1.0
0.7029700384998044
0.41544643400246556
0.7226563841900471
0.18542232902460792
1.0
0.5557115793868646
0.9585619808851353
0.5034139137768403
0.9175388133163703
0.75
0.8083460520044574
0.7809373562445526
0.7355152350655841
1.0
0.6195450948837711
0.7844289164993025
0.7865304533334762
0.9654259587689935
0.9051809614643849
0.5555744858174682
0.9340030520663402
0.75
0.75
0.7970559504595794
0.9682225648663414
0.7021006679612363
0.8874043294928325
1.0
0.8006301789208434
0.7988266362400803
0.7246608096864131
1.0
0.4068401150584591
0.9406386836792521
0.8119038329635254
0.7625288836146378
0.75
1.0
1.0
0.8858435017955715
