0.8940813639371995
0.8940813639371995
0.8672766748490713
1.0
0.8978064607027858
0.46651286870385256
0.8167721453447385
0.681650274156708
0.08121690842244558
1.0
0.9427467077573948
0.9429162904321408
0.5145644871523759
0.3086429544243353
0.5359764243210712
0.9088006730653668
1.0
0.7875375737887679
0.8865929271303319
1.0
0.7011106926290017
0.8416452364073647
0.8673902764337487
0.6136718642411461
0.9529174875365674
0.9529174875365674
0.9384625523125418
0.7921124463813971
0.7921124463813971
0.7923011039927311
0.7515269466130273
0.7659076030512968
0.6784039245155353
0.8945161083049651
0.8802019699241714
0.8946759232068524
1.0
0.7706138302285103
0.6613417255040063
0.9270223762127644
0.9269742970279181
1.0
0.8592459284402999
0.7788012254842002
0.7842931272444154
0.75
0.6968014785997979
0.47229238601138934
1.0
0.9865148161567372
0.9864077380272009
0.9291512574676106
0.9185830089276885
0.9185830089276885
1.0
0.9591936457469517
0.8763958801351068
0.4271525227667118
0.41703744101399093
0.41983836455284407
0.9192673232355902
0.8904895508230761
0.9301823392471698
0.9394984219530723
0.9394984219530723
0.9084776296864568
1.0
0.9646779047333148
0.9646779047333148
0.8109211879334476
0.72435561227805
0.7521333900558278
0.5557877418269073
0.5018095498039797
0.5333717724137794
0.8324990060669916
1.0
0.7846554842361079
0.8065263493904399
1.0
0.8065263493904399
1.0
0.9640019261075278
0.816001132350536
0.6663106311550092
0.7033860880304044
0.2235582768341995
0.9160213966388491
0.6796733388447953
0.9079568805098168
0.690731104842985
0.6530799794107818
0.6518502328812356
0.6810750476307347
0.7395487173755484
0.5315588910975986
0.9412321676358877
0.9380769858250879
0.1864386670370986
0.5524076474431577
0.5402281563516157
0.5480895661066376
0.8087161407212715
0.8087161407212715
1.0
1.0
0.9803482316307643
0.9338812454945049
0.8837785310811546
0.5900798046721761
0.8837785310811546
1.0
0.31648358831070594
0.7983721273693473
0.75
0.6728331552339131
0.75
0.5900057128463758
0.5900057128463758
0.5615000640714053
0.28736844836778286
0.2886259523154685
0.21658724155574607
0.5805444712388353
0.5821133623706839
0.5813142446547771
0.9053151990625938
0.8622472523745962
0.8622472523745962
1.0
0.9424790437598748
0.9366034907930663
1.0
1.0
0.579055278723462
0.8808327033107677
0.69250278865255
0.8812975581830599
0.9804793340288225
0.7061265157291771
0.9039514035642098
0.7052997370702624
0.6502541518927278
0.6861114370517464
0.7871672542817285
0.6399766407201107
0.622574152249023
1.0
0.9310461678483215
0.8978712652130432
0.8870365866306716
0.852648991588555
0.4541273807783247
1.0
0.8167687905242048
0.8983902744069471
0.7734141753241269
0.7883530850562975
0.7794066139626082
0.980976656443197
0.9508525404970084
0.9383239506741614
0.8773536611803718
0.8664702277173342
0.8747609055899049
1.0
0.9105190128326571
0.9105190128326571
0.7094027529182311
0.22622611950252364
0.15868648124187995
0.569300666903577
0.26415395003877684
0.35377810757537403
0.7829209451224489
0.7363668799301675
0.6839014297309038
0.45528492089664674
0.438675916652379
0.5124230181659402
0.9079136973555868
0.8865409650383793
0.8281368554323595
1.0
0.8183962026001982
0.37449745363631326
0.8201335923061854
0.7377193128743025
0.7449699058663516
0.8470353967678945
0.8419401347992735
0.83653232734848
1.0
0.9881793081124057
0.9881793081124057
1.0
0.9494569840104269
0.9500667156752015
1.0
1.0
0.7396584306689935
1.0
0.7959353953319999
0.8379673375696648
0.8865733967982155
0.8787289495184727
0.8839867161660985
0.8409417899173408
0.8409417899173408
1.0
0.7854888992843726
0.7854888992843726
0.7655656678789662
0.5065281136544436
0.49819422550140424
0.4918859201021645
0.7789390715521903
0.6908521069500457
0.7911594603764547
0.8200015714642765
0.8200015714642765
0.7923925942788237
0.5121682331341573
0.4919233132226668
0.75
0.6551403285344853
0.7054562375590083
0.6577058556559643
1.0
0.9707422847468568
0.9549195496175038
0.9958663447446284
0.9633710270776829
0.9750307084740382
0.7101673428330749
0.699187560409581
0.6126686697073769
0.6309087182389874
0.6278979779808762
0.6278979779808762
0.75
0.6939871202537113
0.6708450880192165
0.8878218341983417
0.4753147125390643
0.8326743789739752
1.0
0.9058694517011742
0.8672331201085981
0.8301757691408719
0.8336496459238595
0.8301757691408719
0.711105724580275
0.9759171799259541
0.6476879274144058
0.5771654984602975
0.6445489741322928
0.5774444894775401
0.9240509501871081
0.9697864274050685
0.9257205719349966
0.7305387433728895
0.716953959341757
0.7132239905125559
1.0
0.8355551976541044
0.8113596666700909
0.9948179535517887
0.9723414573031472
0.9723414573031472
0.7402779086968009
0.9568989460713734
0.6446195770266056
0.5284321734370221
0.5284321734370221
0.5299645015370482
1.0
1.0
0.900739529132172
1.0
0.8014154449646037
0.8017497858592567
0.5953710584509225
0.6125876877997575
0.5974072063093847
0.747568902331964
0.6612454170986377
0.6891213573322008
0.7644679277112992
0.753160174759044
0.753160174759044
1.0
0.9751702454443665
0.7741470670408642
0.7042943456070633
0.8493076626813115
0.6651988200514046
0.9382763929714458
0.9344822620613461
0.8932967562211108
0.7551219981872664
0.7379464335809431
0.6570908794468624
0.6731738216984906
0.6725944187955222
0.6743679277922099
0.6201065904560785
0.5090494845940833
0.7405999784665849
0.75
0.6799969170510868
0.6799969170510868
0.9775698350111688
0.9918579210579843
0.8757791235402753
1.0
1.0
0.9890471830113169
0.7628690027025783
0.7954776983547521
0.17734236453645408
0.75
0.75
0.6339544073178458
1.0
0.7304287675557276
1.0
0.6256467331675968
0.6480535018129953
0.6361995665752292
0.45225102373376364
0.43774526132974395
0.5202565434250194
0.9045392311534095
0.9377232182662415
0.928567363452305
1.0
0.8726235991762016
0.8796413579240108
0.75
0.5494928248825729
0.48218794233645895
0.628758746300466
0.6921759296425469
0.696424975879635
0.667187592365813
0.533677343179718
0.6716978980677492
1.0
0.9295770831117589
1.0
1.0
0.9553729646561571
0.9758391498051524
1.0
0.9480784859188973
0.9750444815009729
0.75
0.6579944676584312
0.4783608334220911
0.9075011578874628
0.8413932278890327
0.9056776862886063
0.4683611079064052
0.4466679139105901
0.3131596120449134
1.0
0.9449731463562866
0.9819662012563952
0.7436881036079752
0.5906661013384621
0.7328546552756618
0.9193820981671331
0.9041335488887757
0.9041335488887757
0.7409676000975391
0.8339615728441915
0.736520137858546
1.0
0.9197600285628695
0.9096723717862781
0.8822497669034197
0.8679313799065993
0.1095541776560819
0.9746892192662753
0.9619080374321626
0.9619080374321626
0.7880937733753225
0.7796692004461304
0.7931821360189927
0.6081944467853225
0.6081944467853225
0.0002552928207084788
0.8168798287706953
0.9399115170253342
0.8053717097948493
1.0
0.5375153793984483
0.4411175122199208
0.806336184726117
0.8270049296191332
0.8079706566390735
0.9556461146484417
0.9556461146484417
0.9443362519926873
0.9083179956700491
0.8925206655244877
0.9083179956700491
0.9289535661110371
0.8857516670038368
0.9233448828205246
0.8823299473601423
0.8321684655215061
0.8644955891988018
0.8625635460406911
0.8411671154242031
0.781803318321015
0.6485993627697769
0.75
0.6485993627697769
0.9778654563826417
0.9778654563826417
0.534702430502725
1.0
0.943524782364622
0.9087839277199428
0.75
0.6225124045368863
0.3892227161828864
0.47807931865968767
0.75
0.4664142508313529
1.0
0.9846763215096996
0.9832314188428051
0.931219644044248
0.9317962796885513
0.9452082490277411
0.7988180627707054
0.8392493213837404
0.7767493213837404
0.643535051647779
0.6235041567747713
0.6232807113084666
0.5353234606077546
1.0
0.5128221048218735
0.3500407988877301
0.2786011092094362
0.2668591605792396
0.8531661515835317
0.8531661515835317
0.8531661515835317
0.9526807442116398
0.937541571158296
1.0
0.5793000147252643
0.5684820013175533
0.7202363013488534
0.6642679533588253
0.13097141810044827
0.20773029674103083
0.8126294110123956
0.7980353833468016
0.7518290835355511
1.0
0.909710782192684
0.909710782192684
0.4788326856353997
0.47139123065491695
0.5496804280023118
0.739264617294426
0.7747188628428145
0.7906830302072749
0.75
0.5279944486244452
0.75
0.7593973770083501
0.7574731758371867
0.781139740236079
1.0
0.6336617049376718
0.974182712874894
1.0
0.9610618733232749
0.9748808124806756
1.0
0.8780028689287828
0.5967712722547882
1.0
0.9895482859781746
0.9695967186204659
0.7433046858448792
0.7593167373405942
0.8132371558114059
0.9275748829298729
0.851174344900002
0.8000176867676212
0.6414014498005511
1.0
0.8629325769831232
0.9368073215361241
0.9111819906724539
0.920707924631309
1.0
0.9582585609090221
0.8318181774643335
0.9081295174116187
0.886011080363803
0.886011080363803
0.75
0.6431591076507156
0.6431591076507156
0.6582199998531858
0.6582199998531858
0.6582199998531858
0.5258977816993105
0.526948454471102
0.5258977816993105
0.8244738074103282
0.6901333659202565
0.7788089287366184
0.9092327768301214
0.8877554203393685
0.8424307347541944
1.0
0.9038124200635747
0.9583911146901171
0.46530759348095996
0.4315162573553819
0.36652503955575777
1.0
1.0
0.9919687511092625
1.0
0.8940805930999965
0.902535313007774
0.8531093656997466
0.842243919815314
0.842243919815314
0.8866754621666431
0.8511637767385983
0.8511637767385983
1.0
0.7117003627010214
0.7029820439985229
0.8477175970897053
0.8470251435603663
0.8477175970897053
0.8216871363227742
0.8289757086632603
0.8629021434467257
0.6839308833734087
1.0
0.7063709728979066
0.9182397258535487
0.8302989296336234
0.7352538632640259
0.7890187614454944
0.4145088221687194
0.36269867392421307
0.6809031711915345
0.6370855415197854
0.6574992303980165
1.0
0.9593534690104295
1.0
0.9704526610378261
0.8402244023005657
0.3486929894931406
1.0
0.9723552323693859
0.9723552323693859
0.8555819584865212
0.7610002609842814
0.7856048884920981
0.8307544561812055
0.7172598750024066
0.821760471981668
1.0
0.8574279416525006
1.0
0.868684047026177
0.9724121064347188
0.8585528705446938
1.0
0.9319862147170568
0.9799571968028535
0.8654556506636316
0.8654556506636316
0.8958495664279219
1.0
0.9605536287562162
0.9904380104618092
1.0
0.8743927791389797
0.9911569598411222
0.8145567510036487
1.0
0.7763177199779379
0.87892066286299
0.8710951254371446
0.8726189483193432
1.0
0.8119080468177485
0.8119080468177485
0.5601505454478755
0.6621503115123927
0.2993371013854354
1.0
0.985311092922688
1.0
0.7754594864970906
0.7187577035825917
0.7754594864970906
0.8945766557021742
0.8945766557021742
0.5923570995677576
1.0
0.5584193407600078
0.8877843423000846
1.0
0.6752556288561913
0.6870671364807162
0.6601863347882287
0.6296039594977387
0.615064210667588
1.0
0.8241089620074652
0.3842209892406964
0.9166535522451106
0.9098072802978123
0.7176702147902472
0.6129895543723174
0.5816583045773444
0.596209348794623
1.0
0.9782707778098454
0.9482818038830956
0.7895477205914199
0.7402571712828188
0.7354460845127382
0.739164175745526
0.7250056883007201
0.7291272004899982
1.0
0.9728224637346908
0.9728224637346908
0.9767210455600532
0.5859391145901843
0.9314972207121894
1.0
0.9822811268552026
0.8456437736384863
1.0
0.8757172042851277
0.9817861574674838
0.75
0.6993439242539181
0.6260035151082675
0.7686475587124959
0.7700819458084565
0.9249015479658727
1.0
0.948715914975198
0.8120463830887827
0.9408619898410947
0.9711023225239582
0.8705850235632842
0.9044041493854225
0.9044041493854225
0.9057146653227488
0.5316130459851747
0.7619416191171311
0.7883482132244328
0.8566193586136397
0.8566193586136397
0.7793073581478103
1.0
0.9730128428396986
0.6239640174148329
0.39142648309734707
0.39142648309734707
0.47783847883102404
0.7281430231498354
0.7635989716884103
0.7198649226693163
0.8829176576863953
0.8651375974750876
0.8681588891878647
1.0
0.9659630735705507
0.94591474503229
0.7464337223197165
0.48256186211083174
0.5423848409120791
0.5729888923523698
0.65727991182554
0.04695661628820749
0.767528466167202
0.7464924655132766
0.5446335570686843
0.6575279341983483
0.6150748045031855
0.6575279341983483
0.862445045622005
0.7910164741934335
0.8371157125495621
0.7131332009420165
0.9413234745596806
0.7160939200466734
0.8622603026030307
0.8608653901764252
0.8278694879912407
1.0
0.9516203059321457
0.9499307309942049
0.8533443611303071
0.8651900167573242
0.8533443611303071
0.6382358645041939
0.5656878658057357
0.6230286323735331
0.9316593577614665
1.0
0.9316110555230857
0.9128465997201697
0.811502259968536
0.9128465997201697
0.1949053391319213
0.2743463366205183
0.2743463366205183
1.0
0.9517263637694044
0.8922715005116417
1.0
0.7518925843772708
0.9202752357714634
1.0
0.9196662996036282
0.8213827924769226
0.4488669079831562
0.3540671998646219
0.75
0.9526439446056325
0.9499390306176883
1.0
0.8668129077553566
0.8735189267058319
0.444920684147689
0.6823459649597854
1.0
0.8507172528863608
0.7517583616378157
0.7517583616378157
0.7517583616378157
0.8954338642116056
0.7967510629473514
0.8954804227460897
0.5504927466871443
0.24864153137856704
0.0009256857007476703
0.756664083471568
0.7578721384464702
0.6529972746968078
0.565187034735286
1.0
0.48639775902385607
0.8849801314483421
0.8849801314483421
1.0
0.75
0.531531132814403
0.5080877817243579
0.5502467072074559
0.6174477076406548
0.6174477076406548
0.9178623611422807
1.0
0.7060839031906985
0.9504888605772102
0.6008020996676835
1.0
0.5450258890063663
0.5450258890063663
0.870124327286489
0.45076098631840544
0.6477175179546375
0.6228891494246311
0.3990850932763159
0.7760584970179177
0.2928044976314848
1.0
0.9179107775760708
0.7169299853562378
0.9675981641954869
0.9105126098222911
0.9565084354797558
0.5733204026008996
0.5948284295813384
0.75
0.47555056273357077
0.75
0.4402191412998973
1.0
0.9538700541581461
0.9805215234030056
0.876381950771693
0.7343374247238301
0.6534689701666654
0.9081635449295428
0.9073172986724473
0.9248302115962095
0.5863091259377469
1.0
0.4436277287109901
0.9884081167828156
0.9445535767371166
0.9445535767371166
0.75
0.6871672542817285
0.6109158477344832
0.8614790550306687
1.0
0.8614790550306687
0.9841632052798007
0.7931299258638022
0.8591515579590955
1.0
0.9623072273876696
0.981835032006277
0.6505008124825475
0.9105969161231962
0.6216124707127715
0.9683468226831972
0.9576986360696791
0.9683468226831972
0.8815816417488525
0.8817391156904695
0.9175555765799726
0.75
0.75
0.75
1.0
0.8501872051082039
0.9129213864684994
1.0
0.9610812040520789
0.8344912004094439
0.9304727212782078
0.9304727212782078
0.9055518791265156
0.810130116217582
0.508734463162717
0.810130116217582
0.771634186490113
1.0
0.877308806390003
1.0
0.9847841138805544
0.9847841138805544
1.0
0.9376470895643041
0.8847149316471816
0.9388991848086905
0.9144807440570386
0.9388991848086905
1.0
1.0
1.0
0.8837531943955648
0.7562580686079163
0.8675065325156612
0.47277943802487665
0.453412516299322
0.38869354947209167
0.75
0.6346554842361078
0.6091644445276245
0.7974153490424878
0.8297429628632097
0.7974153490424878
0.75
0.6509350989107255
0.6212853682555954
0.8705896711989698
0.9244847935818119
0.9299956546110524
0.7202727100788227
0.700015855699989
0.3841237341417532
0.8631426060256644
0.8964141679749663
0.3387707253661821
0.9337648422415628
0.9398936259263154
0.9142694962688238
1.0
0.9553545683606741
0.841109456397763
0.6558616805696461
0.620490825904838
0.28715042166655824
0.8442796482065763
0.8442796482065763
0.8442796482065763
0.9346332180883183
0.8391223454375485
0.7471884089139358
0.8091512684017987
0.8091512684017987
0.5490059732721286
0.5473696364904775
0.470591652367533
0.4122917905082244
1.0
0.8982308957094278
0.9488822570190519
0.75
0.75
0.5320728862620364
1.0
0.9607414069450091
0.9420779032540247
0.8624143953724482
0.8087625338206201
0.15522211179885573
1.0
0.9098540239708367
0.05585427848895415
0.75
0.6978154250133746
0.5846605683543661
1.0
0.924091043470404
0.9487764924478927
0.9540906064577233
1.0
0.8988455181897339
1.0
0.9738780810752463
0.987585998404906
0.75
0.5698820142601468
0.35864114383467777
0.8312432482838824
0.8312432482838824
0.8312432482838824
0.05615922310420682
0.5520841544918114
0.5520841544918114
1.0
0.9588930584121045
1.0
0.7211754383345668
0.7007099839573436
0.9453193423251833
1.0
1.0
0.9403923993442184
0.5906518296440033
0.6912077341189405
0.6912077341189405
0.8447351342103483
0.8554418352883885
0.8554418352883885
0.7752339464731219
0.6876920842774837
0.7227208255128511
1.0
0.8599942275061766
0.8599942275061766
0.866163223039845
0.9092922241830793
0.8714231511318633
0.8730975804187324
0.7614269017910222
0.7492442038432356
0.4823872477054629
0.47089262682236177
0.3703305979787787
0.9228445108542649
1.0
0.9060267674865543
1.0
0.9826904184719407
0.9854957765894337
0.977279907821031
0.9542946737477143
0.3476707916939731
1.0
0.9680939611572492
0.9559628933049196
0.8705273283725186
0.8226599693218768
0.8370883640760567
0.9567535917683115
0.9003752305233693
0.9003752305233693
1.0
0.9366560485803388
0.958473291581953
0.8604824748114124
0.6272844915382342
0.6247280575270201
0.7499023804640754
0.6821316913668242
0.3166866864239841
1.0
0.5265691360289094
0.9742243750430326
0.9346058689507075
0.7807865388364603
0.9346058689507075
1.0
0.9825547423373245
0.9825547423373245
0.538043144557117
0.45248911402920294
0.4753684601132828
1.0
0.9315509560577826
0.8329582327036078
0.4904983915682176
0.14746452330257703
0.36280719790086974
0.8251627013907029
0.7346497131706636
0.8105435772850126
0.8240481421772097
0.8003820277972638
0.48806609486390884
0.7609518520756742
0.7762751241551746
0.7727974550255786
1.0
0.9259516690921342
1.0
0.75
0.5702742206650993
0.5702742206650993
0.6602184038635475
0.6602184038635475
0.05748352722094
0.8018952800240204
0.783400174149685
0.8326757199245032
0.9580387495800451
0.9462622050978484
0.9580599435556754
0.5790125697695545
0.5527784299623459
0.5949870705567811
0.5056371197229832
0.4627456296787892
0.4790490626335314
0.8843536423555379
0.8842537220913922
0.8835409565009589
0.7383698883936693
0.7383698883936693
1.0
1.0
0.8736756841009488
0.9121372225624872
1.0
0.8730219965057009
0.6647148867324625
0.7802572346117886
0.7802572346117886
0.7405623466362202
0.762146703630809
0.4725671352809392
0.759919989965751
0.9297481875949354
0.9020661276454945
0.808758023789752
0.9110309228110468
0.9061200667743392
0.8843786716066492
0.6913687239773183
0.9387631684965486
1.0
0.9731411516148325
0.9731411516148325
0.7830712457077487
1.0
0.9215826698612494
0.9106986220855385
0.75
0.6324553063785341
0.4604941850173592
1.0
0.6139084316041232
0.8610513782271249
0.8419354208171739
0.7187700519706621
0.7187700519706621
0.5068904503149076
0.5068904503149076
0.5068904503149076
0.9032656958986153
1.0
0.8594840523292486
0.7027298115046557
0.7027298115046557
0.75
0.5207310599488093
0.46155023472559153
0.5207310599488093
0.8745925219793054
0.8175255470899847
0.8396212016801422
1.0
0.9631758885635537
0.9631758885635537
0.6397885270691102
0.6557942972988243
0.42262369464026595
1.0
0.8413834541720332
0.849052853582096
0.15338969005778666
0.33446061158599033
0.15338969005778666
0.9131449423333003
1.0
0.9067765313538472
0.7674218248690218
0.6296937438407402
0.7358462187448648
0.8052205039614927
0.787577193420667
0.8052205039614927
1.0
0.9516240342426752
0.9726277292067457
1.0
1.0
0.9144339342006607
0.9102959305568491
0.8870142946028682
0.7965356997259453
0.8562839997356277
0.8587600235790818
0.9544343867175076
0.8986670138511251
0.8377822726884777
0.9264697020142536
1.0
0.6031912412797273
0.6958110882940415
1.0
0.8921018880022448
0.6731305324188798
1.0
0.8516749999461036
0.9083203162359013
0.8725970842697321
0.8893268086667283
0.9297132549452465
0.8165244375047148
0.7878621493067842
0.7795916850367867
0.7352821805879373
0.7530492759480769
0.7594576191526773
0.9786597489270303
0.3851750486447892
0.8631957500293836
0.9028828288473635
0.7143746070570242
0.7454699756856815
0.9229979821938519
0.9012520709819227
0.8653413388667676
1.0
0.6701895246346155
0.5943446515974479
0.7977670546690288
0.7397696877507665
0.703773602001508
0.75
0.5152461391852463
0.518025465473515
1.0
0.9687287757704343
0.9207261888864867
0.9750655343692642
1.0
0.9500655343692642
0.9069897582412312
0.9019961030846109
0.8873056649336191
0.9773339441442196
0.907753977331369
1.0
1.0
0.8729551183918767
0.8729551183918767
1.0
0.9335779353354292
0.9102234706552212
1.0
0.8699153916491298
0.6165243256763082
0.8590392988392332
0.8495166607936993
0.6836476548272458
0.75
0.5238059148886638
0.5238059148886638
1.0
0.911075668961832
0.7598593768733826
0.8629784649774421
0.8314209164541119
0.8314209164541119
0.9927277109052263
1.0
0.9927277109052263
1.0
0.8644918548223907
0.7733204782526016
1.0
0.777865064780348
0.8109201809365564
0.7076424589896065
0.6221722859767406
0.6200327680864671
0.8725619045494357
0.8681451780056773
0.9104312115643922
1.0
1.0
0.9478154250133746
0.5086719911093827
0.5086719911093827
0.40307806599127116
1.0
0.5251423258407492
0.6004789064729783
0.8387796097028809
0.8244356775915165
0.8152967072696911
0.8976807900650202
0.8976807900650202
0.16535984053840502
1.0
0.936654878797478
0.42909297725974804
0.863116669429977
0.7502015377770077
0.8479764140161428
1.0
0.7664901308032547
0.8475263891987668
0.2128449530030409
0.5209181522882566
0.2128449530030409
0.9703778339003518
0.836209236807673
0.9703778339003518
0.8681674718123031
0.8797140484350994
0.8933870239694464
0.75
0.47783847883102404
0.5119465297012609
1.0
0.9579526610378261
0.9311004834127161
0.6927621225413763
0.22147910937649934
0.21008118094657885
0.3739524222724358
0.75
0.75
0.9055526027020999
0.9271363301293482
0.9071168150514749
0.5841540150548664
0.6700518206610543
0.662445594269195
0.9317881734213829
0.9138835439613451
0.8511184090987127
1.0
0.7580219103251605
0.8047555770071911
1.0
0.8577778555146021
0.7734255584923377
0.36474329942714767
0.5129890639740645
0.44995410270137465
0.2234453946584405
0.2628223219899068
0.7720528111965914
0.5684709250996365
0.5799676939392557
0.5378044812416222
0.46805715819339566
0.4369561265303379
0.4369561265303379
0.9332029944405882
0.8933772339982589
0.8933772339982589
0.5943270684762498
0.736943387957971
0.7407103232499961
0.9666188273161451
0.8999862216126333
0.9666188273161451
1.0
0.9834083734094365
0.7233486074534128
0.9452771382546827
0.7700247672813673
0.7700247672813673
0.8445605591259318
0.7664605432126329
1.0
0.36283647705801403
0.32401398304636597
0.3755178486155999
0.7536999215291591
0.6144562212650034
0.7513022783834895
0.8506285616959668
1.0
0.8506285616959668
1.0
0.9274966737710529
1.0
0.965532277831274
1.0
0.9475859192492475
0.8416316572026616
0.9216184171333647
0.29797283431452515
0.8514034732570896
0.8514034732570896
0.8145657004115063
1.0
0.9038251981618268
0.36886267684108265
0.5650724797404106
0.6153382840249759
0.6291788893172438
0.7372231597205918
0.7391391476380123
0.7372231597205918
1.0
0.4710934196599371
1.0
0.6601258816181584
0.638168277598003
0.5774326334764065
0.5846256457460656
0.24936028048010686
0.29482398723466013
0.8444532924472063
0.8973613333103496
0.22450374416641114
0.9374949008681198
0.9374949008681198
0.6289425289192825
0.9265312095726601
0.8671047384860685
0.8671047384860685
0.6727125903333466
0.39157394273199014
0.19885657882462382
0.5883633276250035
0.5396394704609939
0.49390186869366964
1.0
0.8958495664279219
0.8712915588197747
0.7968152453515707
0.7968152453515707
0.7968152453515707
1.0
0.8175886427956914
0.9753513375037853
0.8665736025405549
0.8665736025405549
0.7163131484660111
0.9383637553070105
0.16836555681232457
0.15507274119451084
0.16896900597283437
0.17305088141001568
0.7721748244061641
1.0
0.9022324075178918
0.40545883152487566
0.8119658133746306
0.8060731266801887
0.8005906072726613
0.8548495982059936
0.20940359959761273
0.19880409317541553
1.0
0.9335541534364188
0.08772594238156464
0.7764185427243029
1.0
0.8508588067664516
0.7515543299345184
0.7485439400435183
0.7706830963214558
1.0
1.0
0.843239076548015
0.885549325770987
0.8683622358049438
0.8606082112211629
0.8332841662162839
0.8332841662162839
0.8531962367844066
0.37329989346282105
0.38416945868021235
0.38416945868021235
0.7944626861751506
0.6517295359335316
0.6626972358248543
0.9272017496376874
0.8902842515936994
0.9208402254291083
0.9298991392168352
1.0
0.9298991392168352
0.75
0.3849344197502259
0.75
0.29128695620550077
0.5274419727514381
0.6757486821615974
0.7320828672705271
0.47001549764858364
0.6355533573191272
1.0
0.9567686775588781
0.9567686775588781
0.8208252825829607
0.7815905151655269
0.7449693870254251
0.8754407909556329
0.8715607482113359
0.8079483837724564
1.0
0.7851091027305567
0.8965113580681614
1.0
0.8285510130186025
0.9202176796852691
0.8925203416996456
0.8950318599289965
0.910573056477265
0.9420151689157439
0.9297626380280393
0.9297626380280393
0.5639512539585955
0.6593327319281039
0.6962444466522927
0.8903013714368223
0.879502159035415
0.9053917277376164
0.9331365193065677
0.9415677135804271
0.8710969572949477
0.9641785230412196
0.9770076290860976
0.9770076290860976
1.0
0.9036184833206178
0.8788638220077787
0.5364729681546758
0.5364729681546758
0.5331744731131838
1.0
0.8211109453282566
0.8733457712698658
0.75
0.31510885843704806
0.6026620567799934
0.7255927817341834
0.7175938145113498
0.5964780820507123
0.9834064158234985
0.9666765031504837
0.9037262959844047
0.7635387212200672
0.7448311553961943
0.5741907384212912
0.7090975365478245
0.8215720392548409
0.6887836597187957
0.8500181094800074
0.848532315529547
0.8500181094800074
0.9841974283224264
1.0
0.8999660225475472
0.8978796382138934
0.852604097104445
0.8363662339730207
0.8303498973451328
0.9143591488112359
0.9143591488112359
1.0
0.7285059545428001
0.8730039332228756
0.7407049486056243
0.7188836383299468
0.7582539580504184
0.8617369847273361
0.8495077099344229
0.8495077099344229
1.0
0.9168002905638524
0.47764434688192725
0.5866040469160042
0.5866040469160042
0.5866040469160042
0.7701257664358254
0.7692693372517226
0.7701257664358254
1.0
0.9239934613332926
1.0
0.75
0.6153293915072126
0.670659560767509
1.0
0.9157547997765964
0.8819675923648305
0.6423685311504131
0.6423685311504131
0.6136049459764095
0.8780333786535521
0.8912325864566517
0.8813105297979769
0.75
0.5285626988167318
0.5239630401599031
1.0
0.8927006175741192
0.8825298523804508
1.0
0.8547619487047856
0.8491895511715085
1.0
1.0
0.9775309568365562
1.0
0.8265354107307905
0.9858053207252215
0.8902533534785839
0.9093577258875851
0.8902533534785839
0.9590608913116075
0.6052780709267356
0.8607842143714793
0.8431514612971753
0.8120486391249128
0.7304484097270312
0.40125631566610487
0.40298878033609625
0.3685600938201866
0.8301920988104531
0.8301920988104531
0.8301920988104531
0.820347942419324
0.8158234241040755
0.7631101376841648
1.0
0.9743419662344606
0.9743419662344606
0.6969859300642856
0.6969859300642856
0.6901576922769594
0.9264249182914449
0.9147584376308869
0.9080734036565875
1.0
0.8555614001431159
0.8380639074396502
0.9056697825151248
1.0
0.8919443831620583
0.8776285227923489
0.9042307736174071
0.9072658702971136
0.8127400413940786
0.7996191503626369
1.0
1.0
0.8828202453439438
0.8948629258442719
0.9873843707630354
0.7891300441351254
0.9241712607171508
0.46843844274318525
0.4342144533902229
0.32972482103426404
0.6593553788059117
1.0
0.45750980601128555
0.6235998086113336
0.9000515718137071
0.5307813253709817
0.8196547461074623
0.592800142364194
0.6385809220483883
0.9459672561202921
1.0
0.7566458481273124
0.9551065331578719
0.7955285456805414
0.8294310594080037
0.4797423213866026
0.4703130183142196
0.4070936432488699
0.47550259599182276
0.704204592440029
0.6849716462213888
0.5867315282627189
0.5867315282627189
0.5855171319475541
0.6188434568624575
0.5415649193619826
0.6188434568624575
0.8615195817303336
0.9325903548427243
0.8615195817303336
0.8204069060542922
0.9026357696409616
0.916459764985311
0.3951021315062595
0.38559992397557064
0.34641394456282076
0.8490690931615492
0.849273598000228
0.2236278538955242
0.6927608183899333
0.6585114150740091
0.39766195636253565
0.5747321131404693
0.7449761011014726
0.7518215728815747
0.7433764901760016
0.7302185954391596
0.6678067093719822
0.75
0.5451643094290032
0.2573403315072813
0.8925086227132053
0.8313579895821159
0.796129408309201
0.898516947718305
1.0
0.8469354043680766
0.7140494895498923
0.6876867551285529
0.580577197111777
0.9150197801658244
0.9018866573517013
0.9564624458782122
0.9684767228938227
0.9684767228938227
0.9368130380025641
0.7155936940782882
0.6090741969769371
0.6090741969769371
0.9244058084035314
0.9046210739993965
0.8364412042859863
0.3934710817245388
0.3951894740627582
0.3934710817245388
0.75
0.598388911407912
0.5184365226256727
0.848284604305107
0.848284604305107
0.8542245678067139
0.8060112897615921
0.7821461537903944
0.6135978616688885
1.0
0.36277657366165794
0.49583889046450375
0.9282966016752099
0.88933449678235
0.9299589247780403
0.6718069092100956
0.8086048043315192
0.73907813342689
0.9233662188212818
0.9301324507987234
0.9301324507987234
0.08847769451037905
0.02015184288710809
0.02015184288710809
0.6060003319327761
0.7424323014825256
0.5054070858917297
1.0
0.9576871181119537
0.9670745087655959
1.0
0.6256902627067524
0.8835439082166283
0.8280096857829541
0.9441621812828832
0.8367395396810463
0.9752761039283759
0.8261884356776252
0.8957909518472768
0.44909258331904567
0.4365423407711053
0.46570158756331337
0.38173371718533017
0.38173371718533017
0.24787063453758434
0.6681781623010817
0.6300191862512982
0.6215813718465477
0.876045904482541
0.86020760864686
0.8921668925953292
0.9410087250283439
1.0
0.8132376732104057
0.9034985360099905
0.8873769377243269
0.8044624832008913
1.0
0.9660898620910937
0.9660898620910937
0.974387719823664
0.974387719823664
0.974387719823664
0.503926383270185
0.4954267286086072
0.4954267286086072
1.0
0.8937917352842141
0.7062865775698399
0.548972179510331
0.5034257010418693
0.5034257010418693
1.0
0.9335439082166284
0.8089114985562881
0.9153905436114723
0.8423105942366018
0.9007651368518264
1.0
0.8563503230953123
0.4876454242257183
0.889830912598403
0.956594831199459
0.956594831199459
0.4285117421660657
0.4893236938116252
0.3283423000932847
1.0
0.9026660390474336
0.98323570010837
0.7925570999120926
0.7898073668151944
0.7925570999120926
0.840130502288908
0.840130502288908
0.5633390305970328
0.24010683255376206
0.23264967249969679
0.41088621498052963
0.8875724997240793
0.9042702960964837
0.8875724997240793
0.12409106124614117
0.11951821955732059
0.10684845702300158
1.0
0.8168512860044933
0.4597746663225521
0.6466896412970287
0.6466896412970287
0.663702712064268
0.64875023942467
0.6282513763263046
0.535596219179687
1.0
0.6903880440456605
0.877177040486617
0.8220311039574141
0.8729261161761194
0.881619723865628
0.4359279476746755
0.44069391535779767
0.4459510114340452
0.6634005009024612
0.6634005009024612
0.6634005009024612
0.8361163641543454
0.853670416794311
0.8360962596608787
0.6059167407303525
0.5295638899825029
0.5692965922719295
0.650194502980362
0.6299936602841346
0.6256402946188769
1.0
1.0
1.0
1.0
0.9625239188611985
0.849170514537364
0.8553982905441864
0.8902279349264206
0.8553982905441864
1.0
0.9655017009339246
0.9059778914101151
1.0
0.9930460372686649
0.9920349760512354
1.0
0.981069580765519
1.0
0.7932115298516403
0.8137426677973553
0.7862284804735544
0.7327317850925364
0.7539815356926861
0.2652482164439527
1.0
1.0
0.9736338458945454
0.9714181963061841
0.9330630913565877
0.9148515978257337
1.0
0.8844233091093154
0.9256595725304465
0.712372065338003
0.5692785137171684
0.5470179123457901
1.0
0.9394134869948733
0.6036865254894134
1.0
0.7683555072509993
0.9088006730653668
0.7810642293161527
0.7575437365924242
0.6994387043044393
0.29591943982392516
0.75
0.75
0.9221766575702097
0.9221766575702097
0.9197009325596772
1.0
0.8878088213224986
1.0
0.8263624186244523
0.7815682122130595
0.8247733407081883
0.8907672677883419
0.8485979697115874
0.9170585341680721
0.9367203730444065
0.8402242283075958
0.8190399092879908
0.8174547778867137
0.7736718085596822
1.0
0.9802413447446284
0.8372876599051102
0.8372841696245746
0.5479844155246204
0.4572357187475444
0.5479844155246204
0.8402569725385622
0.8077780398851331
0.6967738468031585
1.0
1.0
0.9268667187336912
0.721691176363781
0.8472743202436663
0.721691176363781
1.0
0.8326988287093973
0.9870011283066675
0.5044756687750792
0.75
0.39827207353371896
0.8687405831065234
0.9092783160792299
0.8273670719193762
1.0
0.9445504702021685
1.0
0.8053068574232252
0.8520984654517717
0.11888628338692683
1.0
0.9622673662057827
0.6516906873727781
0.9158013920744372
0.8925712482443735
0.9272822268199429
0.9355523512978156
0.7922954778021389
0.7705362003888239
0.7482216439384658
0.7396253760501305
0.44404993880111027
0.817240432233799
0.8871722719407791
0.3638320208305552
0.8216833839172308
1.0
0.8216833839172308
1.0
1.0
0.9552081138664832
0.75
0.5593447654334518
0.4860977327673992
1.0
0.823123450675872
0.823123450675872
1.0
0.8764516869548853
0.8540595381441668
0.9196094285209322
0.9330416588135915
0.8585963243877166
0.75
0.5400472452532371
0.61978534253463
1.0
0.9245959648805746
0.9772059095016585
0.9047630820232155
0.9139830366280237
1.0
0.7527841337582759
0.7767851572480504
0.7315111969819779
0.8006950575751204
0.46584673059407466
0.7421344016589515
0.7679845170115192
0.6203105614154878
0.7331831383508755
0.5662885070863652
0.5778152525166134
0.5116394541304068
0.9660898620910937
1.0
0.9042612589489095
1.0
0.9486180317075689
0.9670965211651165
0.8323497540986111
0.8323497540986111
0.8357959435084454
1.0
0.5477690473528689
0.8342793074277561
0.5760178236029552
0.5760178236029552
0.4633189528194622
1.0
0.8714370670454904
0.9866428733478961
1.0
0.8409417899173408
1.0
1.0
0.91483166459055
0.9744911443974402
0.8672494443276949
0.8601427998551953
0.8649007572947625
0.50365917019941
0.7444739132540786
0.7389066559249545
0.7856836911539272
0.7729152258361116
0.4001915309949904
0.6393397496719053
0.7596294397180946
0.6051079309318157
1.0
0.9478154250133746
0.719814915975318
1.0
1.0
0.6583536433659637
0.7336720037100317
0.700449451728537
0.7285863044961587
0.9078404488457095
0.8994190779489066
0.8994190779489066
0.6821637087002822
0.654784682498297
0.5305848819881278
1.0
1.0
0.9042718948783164
0.4005409052631712
0.49286237593097637
0.5010380879349786
0.6017901494411009
0.40890094139787125
0.1318298902574173
1.0
1.0
0.9142086927471962
0.6819601604630302
0.37593507000075826
0.16192264543467638
0.8880173232355902
0.8731669567049078
0.840008781592307
0.9700358355904078
1.0
0.9291993160256838
0.75
0.6617230504985192
0.09184526256595371
0.6767805908040259
0.6333342078385873
0.7979521143564445
0.8062513281822886
0.8062513281822886
0.7622712990262728
0.9138394349344123
0.8816666458048998
0.8816666458048998
1.0
0.9883071764932146
0.9883071764932146
0.75
0.6080139318731995
0.6056965297012609
0.9416363299301135
0.7978335794624996
0.9416363299301135
0.9095606330379766
0.9095606330379766
0.8861203781552313
0.9376284020198226
0.8304855448769655
0.9376284020198226
0.9712290967646898
1.0
0.8236489922076455
0.953250167571765
0.846248916124938
0.846248916124938
0.7493817299208156
0.713878295297524
0.8458312211915191
1.0
0.7882004897036371
0.9769259798997155
0.9335724540651
0.8630697130162107
0.7749336363959589
1.0
0.9431483795888853
0.8384306868478271
1.0
0.9376380217896262
1.0
0.4472528812355695
0.7884607042432842
0.4472528812355695
0.9703351918648951
0.9811807709096187
0.5471896145436972
0.8075347078897755
0.3999894763787941
0.41065080161026063
0.889605225495555
0.8948818379268809
0.806925351852656
0.8377824167185561
0.8517823956953696
0.8356358005075047
0.7788658727032916
0.7827078059336487
0.8107568608390593
1.0
0.9506436375571629
0.8782583520788946
0.562407128310438
0.5703753243221725
0.6287419876272199
0.8996912557279912
0.860965544455326
0.3305506941219344
1.0
0.9626435993488313
0.9473264567644872
0.9197657993089071
0.8850877218737065
0.41468424078191934
1.0
0.8541587516754796
0.8314211847827778
1.0
0.9584681184551294
0.860505967894343
0.5958605165411657
0.4231176535964881
0.44503226724909517
1.0
0.8121146262193786
1.0
0.7292327006354663
0.8326813050558513
0.7106847338881844
0.9035840387401541
0.88999880042706
0.7998983597038416
0.75
0.75
0.548892963578427
0.8952123336689652
0.8596487172577101
0.8396716251463745
0.9792146168262167
0.850231910776369
0.850231910776369
1.0
0.9250244743689204
0.896289618722879
0.7941474962534929
0.7773878536013056
0.7470657197430388
0.8348987599950755
0.8194375397634412
0.7550111486995357
1.0
1.0
1.0
0.6519405488325348
0.7625041206169206
0.6375041206169206
0.8900880226321713
0.9077578420615718
0.45491573096942095
0.8037002904015922
0.8037002904015922
0.8275532468374738
1.0
0.991918693302452
1.0
0.9792669373770291
0.9753307296208711
0.921597729420988
0.9676702108997591
0.9761359013724035
0.9586001097437471
0.962168835610429
0.8764264835486801
0.13411192859514642
0.5131108066065174
0.4747710931857395
0.4747710931857395
0.9068345502475279
0.8187338785674553
0.8952207200518023
0.795847881060062
0.7946148892639487
0.8729226554025822
1.0
0.9121129117962413
0.8786146214000053
1.0
0.9016381250682468
0.8409417899173408
0.9854169344817341
0.8508662304766792
0.9505662081180261
1.0
0.9727813050708727
0.8029517847533634
0.9631728873809561
0.9410683445216985
0.9410683445216985
1.0
1.0
0.7198829816036585
0.6664376957842398
0.75
0.6664376957842398
0.6991237116265995
0.6642348078896162
0.6567125614478062
0.8089833874292973
0.7723675387771496
0.795438082292348
0.6970763040720569
0.679653176194531
0.6931114093891129
1.0
0.9862059485708601
0.9382299219363287
0.7282836883655076
0.9055655729962299
0.7586292595453074
0.45360053461108363
0.75
0.5418867577487749
0.9268711109642835
0.9139220469834937
0.9469987581311078
0.8160403365106426
0.7540445551910714
0.7459487346141992
1.0
1.0
0.8863912972131289
0.9129875395375262
0.901457970047377
0.8935481985793059
0.4375693048578399
0.9448718748541562
0.5529848986986864
0.5435540996574679
0.5391157485597
0.5054084516908449
1.0
0.9597107821926839
0.8599454849208377
0.9257094199279103
0.8649036103765791
0.8935644282740057
0.8008445312086216
0.5205099822451908
0.28092208306147876
0.9482160688994686
1.0
0.9543400295970527
0.8372363368445529
0.4304276033175404
0.5006227037302265
1.0
0.7820457143549118
0.8146910429077658
1.0
0.903676562935122
0.983836593898296
0.8249250503515025
0.8249250503515025
0.8233955720497111
0.829977399521364
0.4539224465714692
0.4036113405440872
0.8604132910458688
0.9736765866745538
0.8613180522173532
0.8933756775204853
0.9004844956112837
0.8777561976841591
0.522165813990576
0.8716889705681083
0.48359664607194164
0.7657008333749363
0.5711720352248292
0.6961837791764984
0.7709939737320047
0.8700649338571351
0.773726099434573
0.791483956899893
0.791483956899893
1.0
0.5930663952652065
0.7008569506638317
0.6701331727829589
0.9675981641954869
1.0
0.8385768061840888
0.8378685413542765
0.7284024497489043
0.7284024497489043
0.69738049686969
0.8160520093592818
1.0
0.6246263724627655
0.6246263724627655
0.4673601486690002
1.0
0.8858140481626303
0.8309191732177168
0.8655725514463428
0.7799349984870809
0.04065996737673574
0.854766150203206
0.847548455758957
0.8550541043333659
0.6387245610299452
0.6387245610299452
0.4362023993285042
0.9233327390136912
0.8852808997301939
0.7985916101422246
0.7343765965102693
0.7850549317636483
1.0
1.0
0.7656961069210011
0.7656961069210011
0.8854189087257998
0.8784001060280768
0.8885214007705613
0.8953265170114035
0.858953815225864
0.8945764814795691
0.9184522640664009
0.8900377779512543
0.5762590993874521
0.29991066591910176
0.2851154435089624
0.2872381483140739
0.7244135234976452
0.91853718978621
0.7434489363849991
1.0
0.9305139247800795
0.9860694803356351
0.6178132862272451
0.7445055559256984
0.6081723658015541
1.0
0.8353897402690658
0.8140522740647766
0.7827532114008712
0.7827532114008712
0.48962190080865303
1.0
1.0
1.0
1.0
0.9752523104300957
0.9239453054094159
1.0
0.9904043798151021
0.3923324362689286
0.49777731116075685
0.7831046059672166
0.7831046059672166
0.7983705197646574
0.7983705197646574
1.0
0.75
0.48767884578178666
0.5087650840521238
0.9323751696834841
0.9498055305192232
0.9265861426611745
0.5178292749569483
0.8925541294727914
0.8925541294727914
0.3663741151350335
0.10222735438982397
0.22947631716941352
1.0
0.8667529603990064
0.8785688814799358
0.8499552915741214
0.8914971212158013
0.8499552915741214
0.8622784737332736
0.8622784737332736
0.7942518654147444
0.9709988669380654
0.8788100182344221
1.0
1.0
0.9282158942867461
0.9552477105357624
0.7777709138301367
0.7745268803373888
0.7777709138301367
0.5017004819545993
0.4673282271716453
0.5001886665515471
0.8316661699560419
0.7617323746671759
0.8663364799411233
0.7038626862857001
0.5272097406122502
0.4088335941126525
0.8616162262539993
0.9042281332396898
0.8616162262539993
0.75
0.705087043756333
0.44173463536807267
0.6015815779820027
0.6487444845642748
0.6023894070701888
0.5308889804825374
0.503926383270185
0.5308889804825374
0.41515953900469604
0.6241079529697271
0.5581962079448028
0.9527967099173419
1.0
0.9234010183933847
0.8160193186230048
0.7886735798147532
0.8011679709867116
0.9723503091674975
0.9259779531335011
1.0
0.6258784430912554
0.8990939855884519
0.872829892942322
1.0
0.9585619808851353
0.9012889303467537
0.4129735370168503
0.29205688665034407
0.38824607369499686
0.8791330757714132
0.9341894172860274
0.8089102048046026
0.6119305259334256
0.6205639266389118
0.6119305259334256
0.8902436847771418
0.8902436847771418
0.17126751785904912
0.8652600476576875
0.7991150518529186
0.4885449759076732
0.16478000524991757
0.13029396112112523
0.05500054112111904
0.7819282578862694
0.8029578749017668
0.565578588308024
0.9320580838052361
0.8502177461914209
0.828635714724093
0.8037845174035121
0.8037845174035121
0.7799749935939883
0.8106886357099758
0.8025478000409162
0.8025478000409162
0.6740172401387906
0.6568914113605755
0.642242872529579
0.8741828348728695
1.0
0.8151573602707071
0.75
0.6955105292282004
0.4639547534363243
0.8376900032466622
0.7966532411951666
0.8488525856332982
0.9019117158057515
0.6797080939629108
0.8965582857229658
0.9030895703954266
0.8596516825804961
0.8541539611477886
0.8503564576057474
0.9748455563806129
0.8653887215027759
0.8376103507379258
0.7776412145730011
0.7369805140918105
0.8849174673242328
0.8721868665537165
0.8942829752423108
0.7782649691669151
0.7475715482687505
0.7782649691669151
0.9335460149177588
1.0
0.9335460149177588
1.0
0.7519654642300202
1.0
0.7044574646149232
0.7084250198725903
0.609930781827558
0.8953294766015253
0.5830114421102884
0.5433552466174061
0.9451007052798007
1.0
1.0
0.8735536324465601
0.9020214190109788
0.8919162639774365
0.8444360928657942
0.7536760102370877
0.7405181155002456
0.9402247776945567
0.8764400375856043
0.9015474090667801
0.8229223307731921
0.8229223307731921
0.8229223307731921
0.5967769203656692
0.1908232699133826
0.09055232605497435
0.5029064510399983
0.4782106732535765
0.4843461933180824
1.0
0.9414939462523193
0.9589065074593496
1.0
0.8517437704911652
0.9557056968230386
0.4593768047583142
0.580276334222228
0.44595256392142824
0.9249034774506949
0.90571204407986
0.9249034774506949
0.5289900699717808
0.5307592222658144
0.5575164107567259
0.75
0.6071439976570037
0.6071439976570037
0.8966231616925907
0.900787153528869
0.911342501828519
0.877787545943824
0.877787545943824
0.8811232393306857
1.0
0.9368328138509708
0.9469760844290428
0.43856609577207517
0.437621544438909
0.48682385870050526
0.9624874321232522
1.0
0.8609934190603485
0.8008585278345614
0.7936697575547014
0.7695380783645533
0.9450818451728428
0.7238584510333179
0.633077182302928
1.0
0.9677408946532438
0.9464383828504129
0.8153446899395865
0.7904171413788345
0.7808812890836101
0.75
0.596307105067541
0.5241390281504404
0.8156358893621934
0.605037369664081
0.8156358893621934
1.0
0.9825067693572271
0.9607685035882213
1.0
0.8859584123749265
0.9279728355186356
1.0
0.9337051926626636
0.9778997707996572
0.981666866310006
1.0
0.9887032157097524
1.0
0.9268837403651231
0.9764781282173409
0.704459799038846
0.6664796822883268
0.679459799038846
1.0
0.9302260819523458
0.9738619347472931
0.8413710045483445
0.8778049227794578
0.8606017737791136
1.0
0.6347637806088913
0.866197786032889
1.0
0.962592938198003
0.962592938198003
0.606722176933546
0.952017022409998
0.47876533168208496
0.8838894929527755
0.8673017495817739
0.8673017495817739
0.4033740613880168
0.41363569141278733
0.45457557524546754
0.8388588013345631
0.7853182220932055
0.7902670328634883
0.7608694025385607
0.7844331547577403
0.8131425679763531
0.8465246961682601
0.8683380598370964
0.8510426639752228
0.75
0.75
0.5114542395011722
0.9722874202715426
1.0
0.9437495824987212
0.48559686405269764
0.1400907596209076
0.06429363694965895
0.9397161008935995
0.9218869702303338
0.9633536939111669
0.9206959214712072
0.9216090436600493
0.9206959214712072
0.3330762999471142
0.3333111016761101
0.33769379803427635
1.0
0.7947004104263191
0.7947004104263191
0.9661284085965802
0.9800023562174554
0.5607302387590177
1.0
0.9705869007051909
1.0
1.0
0.9683228344814001
0.9683228344814001
0.8662858684865947
0.8498558763297321
0.5784601523871281
0.4865793091870678
0.6310382849927684
0.47703151454944037
1.0
0.9268401970116998
0.8682138820887491
0.75
0.6797481875949354
0.6797481875949354
0.9038658221296321
0.7919359444123072
0.6100558013777573
1.0
0.949226858525014
0.9491826383167934
0.8302880176098972
0.8302880176098972
0.8420807433541098
0.6917249022347658
0.6379849040594212
0.4519906930464932
0.9793980162485357
1.0
0.9793980162485357
0.9271076988641065
0.8397114724272252
0.8176302898573228
0.6555749480162049
0.6514651756521638
0.5125282877611599
1.0
0.9872211566210386
0.950986971291143
0.9346000914665092
0.9346000914665092
0.9130940732042432
0.9383857534599875
0.8101817736972972
0.7752241664368961
0.8045178359400414
0.8219283887532609
0.8045178359400414
0.7954068664911781
0.7682257413221661
0.12886844701041472
0.7120592494176827
0.7183313112811494
0.7124685659532127
0.6589702269590632
0.639386015185842
0.6486687944911219
1.0
0.9226697201497516
0.8611835126544846
0.945526067586417
0.8959056019312406
0.945526067586417
1.0
1.0
0.974025273750637
0.9169450146707124
1.0
0.9727183654296778
1.0
0.9028977461407828
0.986873321681472
0.6162330845437848
0.8712892068561007
0.5920746295483451
1.0
0.9774250911273104
0.7997588936653249
1.0
0.9863184609109154
1.0
1.0
0.8322424399086304
0.9813933717003879
0.879488841680981
0.8694437483191022
0.8501964030898166
0.7419137047359361
0.9734645341133673
1.0
0.6356251981762672
1.0
0.8758272383509368
0.4786382544244522
0.75
0.4786382544244522
0.9112193249356058
1.0
0.8737028604806624
0.7195475946974003
0.7067013235576363
0.0966118606327954
0.9442434342354813
0.8882986063549738
0.9357204971227837
1.0
0.9371672542817285
0.8538339209483952
0.7563648733260384
0.8277187712578823
0.7016667967156321
0.41262855249889574
0.41262855249889574
0.4116651001654762
0.9907479175153605
0.9262114392276185
0.9630781075232822
0.8188191064652842
0.856929863517152
0.8474894888260844
0.6270941613721397
0.6277249072568969
0.6270941613721397
0.4909372313576521
0.7537923752134819
0.49512938848752086
1.0
0.7916761723998196
0.797357626988971
0.6655715773067847
0.49127244550699023
0.6227454517418465
0.33337129813632294
0.33240879555201125
0.3668533941682822
0.41316793900370347
0.3787003718907324
0.4732141209855504
0.7722713815748583
0.6831065548859093
0.700252225628992
0.7738851685307626
0.6954908071667452
0.42454053333287217
0.9400150164370801
0.9400150164370801
0.9400150164370801
1.0
0.8130218035508425
0.7852883051119613
0.6934141394336379
0.7284825218618082
0.4252137733783525
1.0
0.9306352406685431
0.9620929591723517
0.8403924123944176
0.8021436921920189
0.37274238987169905
0.6061730181659402
0.5228396848326068
0.5228396848326068
0.8242452872094134
0.8279081616158191
0.8392403565257062
0.8274183428872103
0.7621577893698329
0.8274183428872103
1.0
0.962168835610429
0.9855117493219681
0.7705781698231753
0.7692217246024611
0.7705781698231753
1.0
0.9572577331145566
0.937486516310506
0.75
0.5510218025662881
0.5510218025662881
0.77941820198416
0.5715770235055357
0.3060825984580159
1.0
0.7746070679780003
0.7513686613447981
0.8831535281562937
1.0
0.8831535281562937
0.75
0.5089921364335961
0.5084104451719791
0.40387239716722745
0.4979635035173007
0.39893276379896536
0.8940160836401417
0.8794047418840658
0.8331098330520844
1.0
0.8444789110949574
0.821610404525916
0.75
0.75
0.6567910333355189
0.8635768673311583
0.7989439965066697
0.8552841896818671
0.633496409116038
0.5839044044832202
0.6662285959844774
0.8601766481564532
0.839967085353107
0.7894530497934742
0.28886958934094553
0.6983475113495218
0.28073683516840964
0.6838131459958897
0.7762643281778107
0.6897795706094355
0.8324360049742274
0.8324360049742274
0.8201731103106796
0.5030553380904307
0.9286523553128279
0.49501212481999657
1.0
0.8787510032251438
0.5363996233338958
1.0
0.8169381376648525
0.6333685447489741
1.0
0.8785961657294397
0.8805934546667816
0.9316473042103746
0.9316473042103746
0.7170860651389699
1.0
0.9095380395200419
0.9328569309392771
0.7214275061268361
0.9419068559215742
0.91909706613961
1.0
0.7966045948308575
0.5037114515190461
0.6748251826138636
0.5980846272627836
0.6362427836848823
1.0
0.825838535175183
0.8552550208781438
0.5805697941818879
0.5400523915551808
0.4600439544765036
0.9266659350754711
0.9807049128998634
0.8436098631576834
0.8148304197978664
0.804876224035345
0.7263319306265822
1.0
0.9479610305796715
0.9448410811404391
0.8656080130514062
0.7937201872014644
0.8676100271301924
0.47935238600220437
0.6426251051924574
0.4401845559417009
0.75
0.6184305985398661
0.6061730181659402
0.8462135972968138
0.8304287512210782
0.8230089750497795
0.7915964356548918
0.6896750319197372
0.5943197334411282
1.0
0.8627674853892573
0.933233036776224
0.8885780885379058
0.8885780885379058
0.8906305626340086
1.0
0.7188433928464822
0.7446473586100268
0.8656835122972528
0.8352716811092403
0.8513286865383394
0.6827799123193304
0.6564770148127458
0.5808786567017132
0.7166703034774483
0.16452740296268273
0.16101091982452267
0.46066771177649807
0.3683917041309377
0.44393582445725605
0.75
0.5723366036424804
0.5723366036424804
0.8322216587822446
0.8256858245194005
0.7524145164504947
0.8325874836818922
0.8089773699672658
0.6777934694409344
1.0
0.5091126767777048
0.7965072026580107
1.0
0.9384131185761353
0.5715157863161177
1.0
0.901105677165434
0.892002141566669
0.8497940434719788
0.8656115975189977
0.8384280226833217
0.9673668312034222
0.9506705710860621
0.7178087128325661
0.5329863931636679
0.75
0.5329863931636679
0.7834188910272222
0.8147417821552612
0.7998142121408071
0.24374959654833503
0.3551035558412542
0.35439633539311816
0.7173048142874048
0.7703174212998274
0.5891104444192041
0.6466137929465646
0.7063324540844049
0.7300601048679934
0.9032375275725903
0.9032375275725903
0.9032828061681495
0.6347154194062883
0.5685760811190909
0.05854966745590487
0.8467360739657146
0.9231352373096795
0.939914727081419
1.0
0.9900645867532664
0.960628724611112
0.7243474001606436
0.6358975926381751
0.705896735861375
0.9546241200534065
0.9309981252679189
0.9114002221100382
1.0
0.8869902634239087
0.9009584364582043
0.8345039692043648
0.8208473597517634
0.8154349023786811
0.8787834384769353
0.5640015623180099
1.0
0.5810166065605078
0.42548441727581077
0.30874035375775094
0.7772821284478046
0.8260184594229155
0.5045313861196645
0.9798261336627121
0.8969228486954159
0.8476474167066256
1.0
0.7512380593038126
0.8345292435042804
0.9625908728857302
0.9415440781255702
0.8908216652404946
0.7859297407781274
0.490264952099574
0.4929320563084685
0.34788476228283804
0.5146807811116866
0.7641878067408298
0.914568173455512
0.8355288888403459
0.8983517819975091
0.9193043490772328
0.9193043490772328
0.919599681708889
0.8996038882566705
0.8996038882566705
0.8801344833485863
0.8490507687281502
0.7603366327249917
0.7615376367074865
0.6813862768993775
0.7630182063573148
0.7354205427211084
0.5291841751271749
0.5545722933788251
0.5411707693340667
1.0
0.9632848681900213
0.7805775289481518
0.9414878788608951
0.9414878788608951
0.9255507078892381
0.4640926000127776
0.2850559087394987
0.24787063453758434
0.8158209463845292
0.8505117771654868
1.0
1.0
0.9207102395944753
0.9174333233603684
0.8088254246484654
0.8035437810919789
0.7517953249382807
1.0
0.7252877163371645
0.6306096825227258
0.3802909065755393
0.3802909065755393
0.75
1.0
0.9143516945493835
0.9747496978754673
0.75
0.6703449453469056
0.40956949313282587
0.8639666537090147
0.44404209272819545
0.8483416537090147
0.5544791295654501
0.5220990378255315
0.3619287651701377
0.862672790952036
0.8535939898266649
0.862672790952036
0.6615222727188886
0.6808551705202484
0.663304108017361
0.9068840248396617
0.7888935933448705
0.908179566532064
0.8877433687080379
0.8877433687080379
1.0
0.7818787260215845
0.9092218669291076
0.7954083650729267
0.9079475131152265
0.9079475131152265
0.9079475131152265
0.90000626319772
0.8548132377152665
0.856349792054314
1.0
0.7550861425775554
0.6518114913773279
1.0
0.986426362310175
0.7289689907210811
0.7636914547493835
0.7636914547493835
0.9332623221282028
1.0
0.9892065279354327
0.9524759313929834
0.5410976193335555
0.5897864130126758
0.5813582198953555
0.7514594600807758
0.7332330824919551
0.687310311999489
0.6314880399289698
0.6314880399289698
0.612071560729935
0.8104896759415467
0.8447277950710399
0.8545549693514772
0.7016104765809729
0.6940717574388355
0.6946864286689908
0.855505123221568
0.8890244072329991
1.0
0.48767884578178666
0.5087650840521238
0.75
0.8942784537924544
0.9264314066705955
0.8362570623236507
1.0
0.915449847868329
0.8930572369366829
0.41861653670400306
0.37920350495815497
0.4702146490361441
0.454743144758328
0.44709674396291244
0.42841307705791715
0.878629007939581
0.40798383792808174
0.40798383792808174
0.8283498476609734
0.7625731340992441
0.8493052018641928
0.560809475265568
0.4282748765170208
0.5300950020850923
0.4091148002833239
0.6145917415530388
0.4127738714503596
1.0
0.8351713605177654
0.9778769144677147
0.7322892222278969
0.43199886063547466
0.47518270283793107
1.0
0.49353513216415423
0.49353513216415423
0.3421947363288729
0.23757096025586977
0.3432806007886197
0.9885806628672252
1.0
0.9885806628672252
0.9222727889680356
0.9222727889680356
0.4785802795124772
0.6688849716511831
0.6459783051028819
0.6633096616400679
0.8491393301577291
0.8036847847031837
0.8036847847031837
0.8810650232722802
0.348313845431582
0.88775046900738
0.7382219071041316
0.506737309718226
0.5989373799880916
0.6599317222364065
0.7563872718344302
1.0
0.5677402614169272
0.8107533848330493
0.5677402614169272
0.5087928857018674
0.6767862663800083
0.1292629300369913
0.9709988669380654
1.0
0.9709988669380654
0.9267323720451696
0.973104728079166
0.8995242273245541
0.49354737826415696
0.3431497506494304
0.11204435919336742
0.9066432568149391
0.8718586230098494
0.9067109395711761
0.9644339342006607
0.9002574562403579
0.9280889726029926
0.9465561816702601
0.9312350377096892
0.9312350377096892
0.6792969966377267
0.6717184316395006
0.704330298961295
1.0
0.8150136662898816
0.9761243903408761
1.0
0.9113661659512766
0.5539067213255409
1.0
0.9480609924468381
0.9451865969315927
0.75
0.4030445968805144
0.4588852475536431
0.5456207489480742
0.4716480903553338
0.4716480903553338
0.6180999368360556
0.776073589066111
0.52602419971577
0.8471779943293898
0.7941669533355039
0.7146814409803771
0.5050441953405216
0.3959955057991247
0.4574384346649837
0.9072547851613966
0.8167040119183924
0.8279141153536891
1.0
0.4040774496708202
0.0011254122770646593
0.7523717833847494
0.6467546343592262
0.6356021976377884
0.5839933527775207
1.0
0.2741245965160522
0.5523738198537802
0.7621500680484624
0.8895695775989754
1.0
0.9358682984243127
0.6463184665935032
0.8853006344094316
0.8853006344094316
0.8526547633698318
0.9845096215357629
0.8339429560103003
0.835326152496225
0.9483738250653098
0.9483738250653098
0.9316233784266547
1.0
0.8425132066180623
0.8291079852881557
0.896485667568587
0.8913726781545358
0.9790203772502257
0.25861571811955814
0.3860279887100153
0.0902903387726893
0.7619980351389759
0.7929547615276132
0.745038401643446
1.0
0.9837564735989829
1.0
1.0
0.8671703378746105
0.8547404568218188
1.0
0.6981534142399886
0.7885815982755185
0.865738976909156
0.8120582418283624
0.8120582418283624
1.0
0.9319065286455414
0.922760727479112
0.9243954149398044
0.9243954149398044
0.9387347151562134
0.6901334659521235
0.4095142257181563
0.618520905340644
0.9128526416039886
0.907415080137306
0.26013912946285084
0.8348214830194184
0.7293438077933717
0.8348214830194184
1.0
0.9609727655412121
0.980727375206928
0.9382481825165082
0.9382481825165082
0.9106468542722252
0.7764203494818661
0.7864917752517377
0.7983243435696383
0.6258219516446227
0.6534700195644177
0.8392528935974288
0.7550319510856824
0.7396748211858679
0.752750742980093
0.75
0.6870078951764325
0.6046336713870256
0.6576151466329997
0.5600358363868903
0.5361121516619348
0.45022458503916873
0.5279471437262725
0.5613157336749958
0.75
0.6936714399989301
0.48158946038384975
0.9139676787069676
0.7861934186498577
0.7722879632955457
0.856407151606287
0.8365544722410649
0.6693537181130571
0.9367636264524735
0.9017912514087709
0.6051525776876248
0.9453991654052797
0.9453991654052797
0.8691631740425001
0.8653293915072126
0.5391968816363578
0.7366239151420276
1.0
0.9775309568365562
1.0
1.0
0.3515812932128851
1.0
0.7769769755291653
0.7699492279115226
0.7699492279115226
0.87660824254736
0.8654820823989244
0.8485460636441582
0.7312275014281636
0.8788258384144054
0.8121092302639592
0.7332825766814692
0.8065577845453168
0.9244489219811027
1.0
0.9350689531146085
0.6899868891688611
0.879741240508509
0.8283297149450183
1.0
0.9081055967688872
0.8594512122668284
0.84053007491639
0.7525072414730758
0.7533223672187057
0.7525072414730758
0.3203703630383708
0.7024050937448347
0.7024050937448347
1.0
0.9192210323703534
1.0
0.5520277111345331
0.32597866411068094
0.5520277111345331
1.0
0.8468717774675301
0.8289404818482995
0.75
0.6402933824908417
0.6993439242539181
0.8809491823485234
1.0
0.9322685099385355
0.9748196888799808
0.9561087608522958
0.9492689374622804
0.7671612116413611
0.7931317483440493
0.758638496768365
1.0
0.7717096719482759
0.8070446678721814
0.7102644084186315
0.7023609644893025
0.7000543315551024
0.5658897938253951
0.4990544540649864
0.5581817238684657
0.9890612027002679
0.9890612027002679
1.0
0.851696099266314
0.8288794903282222
0.7921057988861596
0.6110079072773278
0.6110079072773278
0.6098845416617089
0.9422779051037762
0.9422779051037762
0.9396574847540622
0.9183540696221479
0.19415588031940334
0.18209236863997313
1.0
0.7783110211524569
0.7316299055614955
0.7883018431207349
0.8121262603246766
0.7855625228931828
0.7371704933884494
0.815508555933291
0.42790230285579417
1.0
0.9292961917381193
0.9321555992955286
1.0
0.9371672542817285
0.9689383415646592
0.8767886495430635
0.779977546147537
0.7143245471336898
0.4113378283731099
0.5138313036722647
0.472164637005598
1.0
1.0
0.9005997896523921
0.3303568782182021
0.5678827981319186
0.25987067307910255
0.75
0.44538109705892226
0.4554923749697811
1.0
0.9776040019177483
0.9776040019177483
0.9628412750063594
0.9353479462932315
0.9435976149834989
0.7280278085251018
0.4587375794103935
0.7280278085251018
0.743815203790233
0.5525102441639619
0.7400959605870596
0.555146889765733
0.5085540344731352
0.75
1.0
0.9351962479637008
0.981900956142987
0.8692543987778996
0.8927539214257961
0.7186713410108658
1.0
1.0
0.9231620968694904
0.6406936587335889
0.6050967889336233
0.6266643241374921
0.8853322713331144
0.8912214638651246
1.0
0.9194141425914735
0.917225520144088
0.8814447909900067
1.0
0.9679161191317034
0.9757515942971426
0.44822771027801733
0.445871466544866
0.44822771027801733
0.8577206268803391
0.7616596291256901
0.7393452890990577
0.5712752622662729
0.8099923973962413
0.46888518330139584
1.0
0.9762718656270342
0.9716235924721208
0.9379942163327106
0.9107801864149376
0.8901505588411149
0.43666280051518
0.45318419272055666
0.43666280051518
0.75
0.4429210167834434
0.75
0.9517720545157102
0.895236091091805
0.926632497064509
1.0
0.7565700920519136
0.29537931874353307
0.7039795210819814
0.6763533966091578
0.7255569586383877
1.0
0.9860459920796516
0.8677034431160914
0.8460134408204091
0.8246422475207822
0.7529945595994514
0.9256064302640312
0.9256064302640312
0.8892758241215891
0.8854364429187884
0.8668832577661351
0.8525860195579734
0.7132433007809276
0.7709356084732353
0.7107496964314095
1.0
0.9554012341113398
0.9777856414176236
0.8625671160947441
1.0
0.8496433599966109
0.9009305515396071
0.9823065172163193
1.0
1.0
0.9825777288894599
0.9825777288894599
1.0
0.9884504164910287
0.9832809014834889
0.8612217869922738
0.9584936695448545
0.8556010736086289
0.9178974763609935
0.9774250911273104
1.0
0.75
0.6422355993054534
0.5444364954926946
0.8469574768996612
0.8602611634855433
0.8469574768996612
0.8712653829773274
0.8478308077814616
0.8347756610224173
0.9416485368495889
0.9260247188232711
0.9249403960932182
0.7509983565666325
0.7564664443684936
0.7366888958904189
0.8712199671556446
0.9290464075693879
0.9290464075693879
0.9039396481727886
0.9007520906510589
0.9007520906510589
0.8399384148071235
0.4256692250372079
0.7120451629501491
0.5948254183763214
0.44472991123009564
0.5380602275449634
1.0
0.5519782405354151
1.0
0.4105737456214913
0.409783979497627
0.4105737456214913
0.8370165742944611
0.8760810825714308
1.0
0.6810953537401107
0.6454555831831144
0.7955415976294522
0.9281723394132295
0.929919045842706
0.8318056130273935
0.8636981822462061
0.8714009612660246
0.828283817274885
1.0
0.8476854351843985
1.0
1.0
0.9843509961994164
0.9379580230974139
1.0
0.7945560226782389
0.7587815423633268
0.8797400347249349
0.8797400347249349
0.8712690083460317
0.5354903481839958
0.6712667129377687
0.12289957524914383
0.9709988669380654
0.8973926757432152
0.850026109225356
0.8554161295084769
0.8413334899183702
0.8288845589277443
0.7229872979187899
0.7163156350917643
0.6518062350514091
0.5926246417814227
0.6326099185903536
0.5714375799355955
0.9195336106492005
0.7132002002031161
0.5761254937542436
0.8927488646904895
0.9429900538330014
0.8736527277970887
0.7010847927906287
0.7267698132684106
0.6724607924451329
0.43408127598765445
0.3563870293328355
0.43408127598765445
0.6823514154402892
0.685756620354509
0.6887126172680736
0.8606116771958608
0.8606116771958608
0.7302296460618511
0.4183000971937191
0.12451755742118331
0.26801971452345735
0.8415502834362404
0.7725572670705902
0.7650763514175589
0.49700661298775284
0.4964177747463361
0.49700661298775284
0.8184392196744994
0.6386575429381144
0.4666814867381789
0.8330759328796373
0.8214669884443009
0.8201263218987652
1.0
0.7463350097745505
0.7682299365317863
0.6345600021612265
0.6464647640659885
0.6182665855481163
1.0
1.0
0.9884860036787257
0.7203468345230211
0.7185063115007148
0.7382039773801639
1.0
0.9211538229728686
0.9211538229728686
1.0
0.9399578739641757
0.96945849591016
0.7038239591152542
0.6413239591152542
0.6413239591152542
0.7446570217859552
0.5229078633132248
0.7446570217859552
1.0
0.813450552148397
0.6125933579657961
0.7956113706948826
0.7028256077036532
0.7495308907286934
0.5882097791568743
0.75
0.6436429183205339
0.75
0.7175981641954869
0.7198782738962679
0.5665081344639298
0.5909767918552469
0.5911023919922616
0.8964759301454337
0.743473949511582
0.7760112298601738
0.861944337179424
0.861944337179424
0.7208338275165096
0.8991766538760202
0.7550791702642635
0.8991766538760202
1.0
0.9695802483046176
0.9695802483046176
1.0
1.0
0.9451429927292764
1.0
0.9746373525524391
0.9613947264054135
0.9385800000089
0.834254268055026
0.30556239820287723
1.0
0.941526808119407
0.9962395302527262
0.9461988065039953
0.9332780232089939
0.922033854082464
0.46103618092351883
0.46103618092351883
0.3068285364376053
0.3763920401763776
0.4522154247842164
0.5124853000627535
0.9742225744913109
0.959532659330409
0.13624265208697192
1.0
0.931826860447585
0.8006210739845125
0.8472858597734538
0.3986432643736776
0.7152058646510195
0.7531591865881655
0.8052768220819162
0.6752525911412376
0.75
0.75
0.7022766778925553
0.4582824869733672
0.4582824869733672
0.4582824869733672
0.47466842288921907
0.6926614635029034
0.19949579139290063
0.75
0.6184305985398661
0.5215856490430947
0.713753647376093
0.713753647376093
1.0
1.0
0.7629199694325559
0.9369280016913024
0.6073298137139473
0.5818624535020561
0.595014019492395
0.9127927227932007
0.7019432518878916
0.7019432518878916
0.75
0.681826860447585
0.6061730181659402
0.9274004461185356
0.9098163834248469
0.9306081013638099
1.0
0.9442931521549435
0.8473612527517691
0.8355769920398441
0.7591305616167646
0.8105720010839654
0.8884395686605612
0.8884395686605612
0.6383971009548752
0.7017860490381881
0.7017860490381881
0.6352638217107194
0.8582221228427226
0.8505017818142462
0.8505017818142462
0.5936684016209107
0.5735116879461972
0.556416880366684
0.9385723308708613
1.0
0.8241355793892873
0.9357144775032243
0.8434557269748937
0.9367362096532631
1.0
0.9754108941728432
0.9908532501639025
1.0
0.9475317046850783
1.0
0.9291348816977699
0.945619255548803
0.9425637441611293
1.0
0.8162318149733081
0.8249436224150895
1.0
0.9630800381412606
0.8615859186275772
0.8817943315841438
0.8435621873882868
0.8842188148592502
0.75
0.31580835821552733
0.5085408709502274
1.0
0.718736483844432
1.0
1.0
0.8172909880662599
0.9609383499434163
0.9023339160361546
0.9023339160361546
0.9100015685709043
0.9712290967646898
0.9712290967646898
0.7733635366172906
0.6925904469428178
0.582582711672515
0.7049456512352855
0.6966495570204593
0.6966495570204593
1.0
1.0
0.8830046558200058
0.880897320416206
0.9551393196768448
0.8339291305110095
0.9027691821704724
1.0
0.9815224019150568
0.927974532982154
0.8619786727148335
0.577143684482133
0.8565848570550959
0.7520194651534886
0.922816563848715
0.7311121279549585
0.9045050927652893
0.9045050927652893
0.7125150440273711
0.5676893338755231
0.3196018500707337
0.5173948313963215
0.7209988669380654
0.6631585378682624
0.6380458368701942
0.7679210128472487
0.5733117297906845
0.19847838922080333
0.9392041854534855
1.0
0.8792702082634233
0.8276701376531882
0.8957528977279279
0.7957916247175182
1.0
0.9544561900018983
0.9278966579812127
1.0
0.9783944324812357
0.7908193939544009
0.3943581013423203
1.0
0.36206861243062305
0.5881621853004788
0.6757486821615974
0.5429890528241905
0.5225702451692185
0.47057371411751836
0.4811080330099631
0.8387221659527445
0.8619794420232794
0.8427888083688428
0.9703778339003518
0.9076415180560332
0.8980921540857816
0.7892472178594151
0.6395345601187246
0.7892472178594151
0.909075050015372
0.8503467671301728
0.6894506128294356
0.927209760609576
0.9119467938545073
0.9388104726217459
0.9303650116303095
0.7743413154017732
0.8946912056428812
1.0
0.8518407886613057
0.864053063099498
1.0
0.6145390882607077
0.8870816476370034
0.8992717985523517
0.8992717985523517
0.6963488446769617
1.0
0.8517807553432583
1.0
1.0
0.966341719718214
0.950302390970109
1.0
0.9188485683989176
0.8048312040520789
0.9383417501502728
0.8563068508089247
0.8008047790658448
0.6367363019641588
0.6367363019641588
0.6254799063438542
0.8916892542573425
0.9024678917735048
0.87065683803719
0.7106938182426986
0.9373852893298605
0.9373852893298605
1.0
0.9840688881574153
0.8234861148412196
0.75
0.5075238218405795
0.5178785947234001
0.9505737508255141
0.6321981757434973
0.6238357906323848
0.8669993104423394
0.8254993631786999
0.8503326437756726
0.4392523743706285
0.4392523743706285
0.6086117904810302
1.0
0.6825866618469525
0.9844660138284878
0.9197670183861067
0.9197670183861067
0.9158178603675158
0.9012850350813854
0.901448271764134
1.0
0.8730217511690113
0.8692166318343351
0.8730217511690113
0.6445223539395651
0.6445223539395651
0.6445223539395651
0.5727206350685392
0.5340858602870053
0.5650192315818634
1.0
0.8696189656785462
0.9527298115046557
0.8325277787486467
0.8124802577605329
0.8241958248956117
1.0
0.9842178582469971
0.9842178582469971
0.9029541346977679
0.9376999279760169
0.925468379356186
0.5574728422748433
0.6017507987619083
0.8139877661568058
0.4283700829253978
0.429056452742664
0.4283700829253978
0.9180089649841375
0.9180089649841375
0.9318252827391037
0.8685838045569712
0.709899755456129
0.8293826976248015
1.0
0.9530737310381842
0.8856636512623579
1.0
0.8720174232840143
0.866093268321035
0.8338724699189033
1.0
0.35950214934231695
0.6806763857920485
0.71749061102546
0.6951365065866684
0.9580638895790303
0.8932108631410837
0.9548078765194307
0.9067336823172361
0.8621639932296692
0.7837170082363154
0.8362064423625821
0.8155122426340616
1.0
0.9047290032811875
0.9369363176360126
1.0
1.0
0.9702716695277394
0.973049420437838
0.9469517525843304
0.8649212013935218
0.9181210311189982
0.7464715194841949
0.7463888708013957
0.7233659883770176
0.40188102805986636
0.34859244886604723
0.40188102805986636
0.936101546633403
0.9379801817466915
0.936101546633403
0.9731596130462447
1.0
0.9473796622852363
0.82653884407928
0.82653884407928
0.8598723988160175
0.75
0.6877674853892572
0.6877674853892572
1.0
0.9061956043310591
0.8693160514462719
0.7655992829766045
0.8380464740525019
0.6438509314071074
1.0
1.0
0.5047070037346598
0.7431590238991592
0.7431590238991592
0.048353971662978376
0.6429849049246898
1.0
0.5678508254152013
0.7696491897474806
0.8197719543239731
0.7569698520183185
0.408411945851904
0.408411945851904
0.40192706792369376
1.0
0.9928870667552108
0.8627444308066675
0.9337785310811546
0.876069818757377
0.8125748640815854
0.6728374845393693
0.7733007671184582
0.6728374845393693
0.4633328232945826
0.41498177125400393
0.4633328232945826
0.8349221732902808
0.802178387441165
0.7461606243249064
0.6573818449405924
0.866568525725421
0.35851925668927737
0.9332950903566624
0.9332950903566624
0.9380795795984334
0.6846544439170514
0.6081936243438778
0.7522285965164234
0.6587045680092163
0.6587045680092163
0.6413442932234534
0.813486369581323
0.7853342734706901
0.813486369581323
0.8547153238751646
0.7572917851335297
0.840285338792892
1.0
0.7482065853052262
0.9704950796009212
0.8281966768450642
0.7763841373985997
0.7205510785949077
0.7643421344227332
1.0
0.9400123787404946
0.75
0.43524003638099656
0.2654011295223356
0.5238127764077278
0.5238127764077278
0.5238127764077278
1.0
0.9363652493074743
0.9796754454765386
0.6376629732805164
0.6642407360056707
0.49442720883864055
0.9261831447097052
1.0
0.8487446046358156
0.8564095677605101
0.7966071346463718
0.8121147523265853
1.0
0.8837102839938018
0.9729917471728565
1.0
0.8600304967256531
0.9375988603538613
0.8365832608670678
0.8487239329082095
0.836842064571149
0.7526407123611185
0.6901407123611185
0.6914250885700749
0.75
0.5437715249174094
0.5405001979246928
0.5632118169058917
0.49419098117373106
0.49419098117373106
0.8365053373812585
0.8459167691659442
0.8365053373812585
1.0
0.7473251664870265
1.0
1.0
0.9497618879564247
0.9497618879564247
0.8167644612854628
0.8417826999694105
0.8374305103538993
0.9448596152153746
0.9126351386010669
0.9420694298225871
0.8977752268966384
0.16107946669085105
0.8797304505488914
1.0
1.0
1.0
1.0
1.0
0.9082369013273677
1.0
1.0
0.9327425824303278
0.8846464151725523
0.8356209822030524
0.8702382508411358
0.6912896804474566
0.75
0.6883688213901841
1.0
0.9278264789046201
0.4749678221410377
0.8962872269893816
0.9099955841796699
0.9310370499725098
0.20937565038003997
0.7371065277590275
0.6148062979434401
0.8358687855363606
0.8307094748439257
0.804628217269514
0.7962811895765279
0.7806628560406634
0.6359546628432624
0.5500852165115047
0.5500852165115047
0.2519872271277434
1.0
1.0
0.867616542697852
0.75
0.6471115643090235
0.7017860490381881
0.589533219192525
0.8370530596732219
0.5928458247645738
0.9319477702866636
0.946627320064932
0.8275865605675079
0.9085198233774738
0.8731398232032994
0.7687878006903871
0.8106887013248736
0.8123755280226126
0.8090372081828003
0.9173950744723806
0.9080634519416731
0.7962562129976959
1.0
0.4824483430787265
0.7877748841194181
1.0
0.9377231362331926
1.0
1.0
0.9761243903408761
0.9761243903408761
0.9672495632142508
0.9532996892112555
0.772651554091528
0.4531191991219322
0.4785707779908521
0.4130301197095293
0.8409588539371204
0.8288733796330549
0.8180157003147419
0.894116851568276
0.8797913433056875
0.894116851568276
0.9952359130318926
0.9871262347805542
0.9952359130318926
0.8968264242685802
0.9079653198536705
0.7875731119605677
0.8222307035189131
0.8486561024564033
0.8222307035189131
1.0
1.0
1.0
0.253599372066877
0.1996491681708883
0.2475793605179537
1.0
1.0
0.831615339324749
0.7353184588964828
0.7640994933369489
0.7987605220210109
1.0
0.9872901839120273
1.0
0.906600636473438
0.8904570789171575
0.9248422709137809
0.9222026691573989
0.9554965575300262
0.9236229813953469
0.8764788994694472
0.8660074362137397
0.7823223153260923
0.8668855438510541
0.8317307910807716
0.784432063611032
0.6030350545608933
0.6030350545608933
0.6030350545608933
0.6841887219540863
0.6525176159480227
0.6525176159480227
0.8301988063715457
0.7913040005662074
0.7849980569452457
1.0
0.9854936495021467
1.0
0.6108198967948711
0.5383607775435226
0.5685762169077608
0.9025411098590252
0.8807788423307131
0.9027590165967504
0.9060688905719254
1.0
0.7803546030188354
1.0
0.9026440079102763
1.0
0.8812509992904115
0.8812509992904115
0.8353548249218318
0.6062460905251146
0.5769594145121067
0.5752612969354901
0.7831945666848572
0.7831945666848572
0.7831945666848572
0.8850118867300953
0.886526339915855
0.8050253140006355
0.8233943932013614
0.7697739477640917
0.7697739477640917
1.0
0.9343998646649772
0.9307512615112263
0.8154900882221441
0.7554152286400223
1.0
0.8571477536309939
0.8578251465729158
0.8670046050413882
1.0
1.0
0.9829218060887401
0.5455673981100225
0.40958443339076334
0.5277867261644534
0.46704337411946756
0.4911704329395222
0.75
0.8409075459671287
0.80318448195121
0.8359125972328703
1.0
1.0
0.8879777387985222
0.9434844800953559
0.9122563384433702
0.9122563384433702
0.4798647239250111
0.45096989599942683
0.2893800073439833
0.8461305006398372
0.9087760700289448
0.8288642576748824
0.6638970702231988
0.8584409772046616
0.682820992448545
0.8972915084366215
0.904312684000173
0.9035438978654916
0.6652606857971519
0.7432927105989825
0.12330146635095597
0.7867045534335824
0.6496690417920572
0.7867045534335824
1.0
0.8891482273187173
0.6499547582189318
0.6627838069325548
0.6662266632425093
0.674085416250867
0.4458823379719109
0.5358500917548525
0.39501591725991914
1.0
0.9127888815867178
0.8991908374710222
0.8581930051785465
0.8282253006984075
0.8250241874574611
1.0
0.7150775206142647
0.9357252289626454
0.8437249130330164
0.8412815675560621
0.871541155179839
0.9049387313408591
0.8907736657662025
0.8907736657662025
0.8219985566836447
0.6105335862826943
0.6146268053469498
1.0
0.9451841757542501
0.9890485048498449
0.9567320885897268
1.0
0.9567320885897268
0.8637744421910435
0.8637744421910435
0.8960002778164821
1.0
0.7593551358996214
0.920659560767509
0.9311641193890181
1.0
0.9274107321283627
0.34938112226583146
0.515263110131287
0.4625461080255642
0.4691925868612374
0.75
0.40638668204081013
0.8170789408590742
0.8170789408590742
0.8345679221002745
0.7878125207281365
1.0
0.7825201757220301
0.9796418196341609
0.9655099758640145
0.9655099758640145
0.6472965702990012
0.6264011011154611
0.617430123224429
0.6824768278606164
0.6902223421118946
0.759240626085047
0.6071910609040249
0.5614249847246485
0.16963320108118007
1.0
0.7697803878898617
0.8035763336238094
1.0
1.0
0.9589865635419872
0.7524333273557238
0.900051978370557
0.19865854807537492
0.7218165717891282
0.7063341324334003
0.7186732031820012
0.8757052074230155
1.0
0.8400932645706436
0.1987357751885523
0.5068727725403639
0.49518897680467794
1.0
0.8640445143896138
0.8639214475673639
0.9651972181026913
1.0
0.9651972181026913
1.0
0.9858936733100199
0.9442584946372187
0.75
0.7095471351653375
0.5930739487648429
0.8087142701607202
0.7660241649556888
0.6585737540203772
0.595166853643505
0.6009262112911993
0.5960423297296299
0.6103844058125071
0.5919789199189914
0.5726850550583069
0.7991228730633789
1.0
0.9555766400341736
0.8932035513801004
0.8717524269319106
0.8932035513801004
1.0
0.8479174643077642
0.8023772509362899
0.9353442260925053
0.9353442260925053
0.7735859251625198
1.0
0.9448743903408761
1.0
0.8653159210270369
0.9483918196341609
0.49477752190361196
0.8404548197820435
0.7530273759326176
0.7429539892305831
1.0
0.9119317993030095
0.9021958576598994
0.7848813372195057
0.9721636143570678
0.8880810166970312
0.811647256584032
0.860622317832793
0.8318453168257258
0.7868827760687297
0.7462175183093069
0.7042825849951493
0.75
0.5751696243253546
0.6132672436803126
0.5527220779714579
0.5001759522183914
0.5015440758823234
1.0
0.9686257293927362
0.938047126250552
0.709063579552957
0.611068828859162
0.709063579552957
1.0
0.9552081138664832
0.9552081138664832
0.6987574544836177
0.67995884327308
0.6903755099397466
0.7431899888637614
0.6808863821508802
0.7456779550749758
0.8037455780790151
0.825269298127891
0.8338772964444808
0.8929396100842112
1.0
0.31751856667793676
1.0
0.9131927589636188
0.7838896108393775
0.8466417544917142
0.8362409629721342
0.2642239788120197
1.0
1.0
0.9290153606702021
0.6242557440302208
0.695063319583633
0.251716939170704
0.848284604305107
0.848284604305107
1.0
0.8837242370680579
0.7902639700408778
0.8036329625175989
0.783059777103037
0.7961142254381506
0.8187740628173227
0.837756823944686
0.8221341570569705
0.8247993034682123
1.0
0.9008105196669538
0.9643426483530627
0.861037291248504
1.0
0.8595421511695229
0.9793032097122342
0.8969408125026579
0.8985462215770379
1.0
0.895371847577428
0.9062034916389949
0.75
0.5383081636832373
0.48331914363198225
0.9677210978365878
1.0
0.9614840981479287
1.0
0.9541766849085038
0.9750815742889809
0.9526780398013238
1.0
0.9085296699269371
1.0
1.0
0.824915615971069
1.0
0.9904380104618092
0.9833010724856466
0.7673664589879774
0.7179566596812864
0.7733571902802913
0.9488220024969265
0.9528924740606133
0.9716424740606133
1.0
0.813821838428923
0.8676492494179453
1.0
0.8316964649480457
0.977047393499737
0.4758809627016837
0.3273129815345295
0.7230596573932178
0.3672912606336671
0.3823319177304614
0.0005238537462320876
0.8869483901046594
0.7845224612574917
0.8570657596776855
0.6247920282366762
0.8704120583501211
0.5647518526821138
0.9351370598759179
0.9252761973348758
0.9278904168194384
1.0
0.6907428835527788
0.7136481279790169
0.7513443552279219
0.7330052843344135
0.6168058870879624
1.0
0.9070242161073352
0.7225130816996166
0.75
0.34652266806582016
0.3651029505961945
0.4865573952864499
0.4744892599127184
0.4865573952864499
0.9793876376422684
0.9417137562075616
0.9039820250458468
0.9519612124237272
0.8379979909393515
0.9568452000898235
0.9478154250133746
1.0
0.14293725781655361
0.686586387104853
0.7305649497032243
1.0
1.0
0.9835226130619605
0.9835226130619605
1.0
0.9799333233603684
0.9205963695229012
0.7245281760654552
0.7362882545111269
0.7383933127111078
0.7855019898565438
0.7018492456561323
0.3395530055156848
0.75
0.6835439082166284
0.5980191485488302
0.7041382463905483
0.6857906041987651
0.6857906041987651
0.8350052835623688
1.0
0.8012677013384767
0.5506988228123384
0.8433865812571945
0.8493883286602075
1.0
0.9205093608849264
0.8649538053293708
0.3598482905582915
0.4203032541539956
0.47729674108074194
0.7411403996962898
0.9020539972517466
0.7552354008531736
0.7706498559005709
0.7554062364449501
0.7389722076389916
0.8690080015369999
0.7839211729295092
0.8362891330137173
0.7204069495369707
0.2573044873275851
0.2573044873275851
0.9536834365653356
0.6794221492500022
0.6794221492500022
0.8635840878654913
0.8455241067389072
0.7679007892487637
0.9442125495302683
0.8985504248968855
1.0
0.9248455563806128
1.0
0.9248455563806128
0.7670330464118875
0.73246824238774
0.48122503465829725
0.7667846424791008
0.8956863384744794
0.8543260775880779
0.6274574205678645
0.5641619727198299
0.4717412482608486
0.8670571162889625
0.8670571162889625
0.8672527028270497
0.8472578594646718
0.8472578594646718
0.8070304649938169
0.8089322833304785
0.7888437420401202
0.8543089946522789
0.7510737041011867
0.7100569080780461
0.7976999201359604
1.0
0.9353233254745505
0.9616391149482348
1.0
0.9582235357694083
0.9582235357694083
0.6280379462258131
0.390399388232468
0.44492609472249256
1.0
0.9861467336485508
1.0
0.8413385266121712
0.8413385266121712
0.8413385266121712
0.7835994443576582
0.8406136336599397
0.9500692292669878
0.6589306007464637
0.686398933500666
0.6860545045374532
0.8890878840438718
0.6663357018455641
0.8869011670943379
0.8334681184551294
0.7520707623330924
0.5610127661603443
1.0
0.8047566991492232
0.9752539148003966
1.0
0.7274941381096641
0.9753001818926721
0.8472673567992108
0.6364133985229323
0.575724554722164
0.8996819714801009
0.9186871750915987
0.8715816658246506
1.0
0.8270143904880182
0.5044733511416902
0.9022616787504268
0.8923685932212894
0.9113014994181547
0.9128153514729288
0.8234462466803243
0.9128153514729288
0.5711916740636206
0.626438048241525
0.6129006272995287
0.6349748536818043
0.6017684858943062
0.5974406640734382
0.8692395859583933
0.886309469865599
0.8750246969280222
0.8772098562399612
0.8515002013674582
0.8045482945998674
0.5430795492905105
0.4957542172754029
0.5430795492905105
1.0
0.6919643728438057
0.9549730768149712
0.9004632031683755
0.8509786865553763
0.8509786865553763
0.9581787821475247
0.9236732555453178
0.5922612217274194
0.6995670101772017
0.9806254956361826
0.7554184914302164
0.7869647764667589
0.7535939768332802
0.7529252887993878
1.0
0.8926251051924574
0.7999525630273855
1.0
0.9828991253178974
0.8249294670134802
1.0
0.9665963173091959
1.0
1.0
0.832217590123724
0.832217590123724
0.8077163295739818
0.7976811662714977
0.733633119549201
1.0
0.7773623611730771
0.4665497010673825
1.0
0.945133704469858
0.9060789511009603
0.9893837942872412
1.0
0.9782417775041407
0.9122930233988598
0.9244763279497553
0.9022513118009127
0.728879269016346
0.80922157711161
0.8561714280731951
0.8702228654193052
0.8144570987239762
0.7857112303626588
1.0
0.6693834366652494
0.9879253185421253
0.8459529136017386
0.8406785572136991
0.8148237963272698
0.7875339304935444
1.0
0.9361827693965323
1.0
0.9453843142229201
0.9144146453065596
0.9887568633548559
0.48574560654874105
0.8098525455452613
0.46501852016558265
0.15684246734382898
0.05982859288495271
0.9359971258337021
0.924766020085484
0.9343074793785233
0.8550376504788975
0.8550376504788975
0.8709894626318642
0.8875463890965807
0.8714581155481158
0.8714581155481158
0.7582161925930374
0.5921404997177443
0.7492835481592213
1.0
0.8530552879621683
1.0
0.8078176965691323
0.7048860115015405
0.18889904542253072
0.33426802910197495
0.38939709763287034
0.3082256956618335
0.5246197226677052
0.5413791039924019
0.4745148660927768
0.6787770138759214
0.6851524552759454
0.6827141796238045
0.6981688759660135
0.6981688759660135
0.20479027627339658
0.9004811493856318
0.8896242439924523
0.9004811493856318
0.8005529457603862
0.649941289910589
0.649941289910589
1.0
0.8163805182866599
0.9431483795888853
0.8033414009261223
0.7445768792451145
0.7718835185478858
1.0
0.9165806295884379
0.9141253507525698
0.6018814839843075
1.0
0.7777719662455939
0.98890842811852
0.9918666759697026
0.98890842811852
0.9435476339364102
1.0
0.9435476339364102
1.0
0.7590981339156189
0.7975769957379202
0.8986846695029989
0.8855888421596434
0.8855888421596434
0.7389843937934328
0.2749726836920506
0.7206562034891939
0.5013308597549058
0.654757057435922
0.588019900870695
1.0
0.9236562795392479
0.8519596436989884
1.0
0.9544117639172663
0.8183962026001982
0.9438028783978646
0.807827325240074
0.7815115357663898
0.8943441931508873
0.7086715921646756
0.5669136733443846
1.0
1.0
0.7246803847255808
0.8607588082048029
0.9536191935070792
0.8765573380391984
1.0
0.7973806027879236
0.8848515896237711
0.6686326454717688
0.5952272137048513
0.6370205060614174
1.0
0.7595823468642605
0.10831196726226505
0.3730985241202336
0.5986932803766487
0.5501097822554377
0.7731799827396942
0.8192113139694956
0.768924485418608
0.8886405462072948
0.8448556227922444
0.8849655343259899
0.75
0.1578819458061565
0.1578819458061565
0.6685832041808666
0.7630386899714164
0.30496689529961996
0.8681934983956332
0.7960649168538342
0.7960649168538342
0.9113693097882326
0.917375800731653
0.8464607405246125
0.7412462525448409
1.0
0.981732928900397
0.8217130693191057
0.5665285807140779
0.48367007461684386
1.0
0.9730895022352645
0.907940142488445
0.8814312210148447
0.7685851505712407
0.600041310694632
0.8517213247518295
0.9111881661028914
0.8655103493356391
0.8685923068004564
0.8461344675511033
0.7754443880283746
0.8855775568887956
0.8689004048063558
0.8856650928099379
0.8747974189690186
0.8748849548901609
0.844052400174255
1.0
1.0
1.0
0.8832451796466343
0.8751445560929918
0.8832451796466343
1.0
1.0
0.8987213773789938
0.7941809058051619
0.7709667612777202
0.7928974408186049
1.0
0.6871672542817285
0.9412328718288714
0.7029700384998044
0.7282498836853554
0.6367250092464942
0.41544643400246556
0.41544643400246556
0.5934982375445492
0.7226563841900471
0.7472846310264709
0.7226563841900471
0.18542232902460792
0.6313408350286221
0.2884546561879293
1.0
1.0
0.9538023580736263
0.5557115793868646
0.5386674333361055
0.498708394592396
0.9585619808851353
0.8802612213831371
0.6557944241378826
0.41867218043479704
0.35973326751569296
0.08818904401650324
0.9175388133163703
0.8589763305331917
0.8392967707867816
0.75
0.5448398651444408
0.4663878897707936
0.8083460520044574
0.8267468784537788
0.8083460520044574
0.7809373562445526
0.7809373562445526
0.7786861561881032
0.7355152350655841
0.329201472598875
1.0
1.0
0.92843499574412
0.9861166487891997
0.6195450948837711
0.433606815610097
0.7189383415646592
0.7844289164993025
0.8316967858611778
0.8443504245571928
0.7865304533334762
0.7880880132603731
0.8049972980109039
0.7805058856265701
0.8725858565416028
0.8293359663893316
0.9051809614643849
0.9051809614643849
0.8835470264081109
0.5555744858174682
0.6147157354633718
0.5319437958302321
0.9340030520663402
0.8948752939326012
0.9174515623632921
0.75
0.6993439242539181
0.6792433303596543
0.75
0.6984734044927334
0.6622094499399622
0.7970559504595794
1.0
0.8107171688138873
0.9682225648663414
0.9143754472581269
0.9143754472581269
0.7021006679612363
0.6377476353689724
0.7328888064478132
0.8874043294928325
0.8827836243723738
0.852488591438577
1.0
0.6813677543194268
0.8376978022932204
0.8006301789208434
0.8056492772640904
0.7841268380830151
0.7988266362400803
0.7988266362400803
0.7988266362400803
0.7608724572352346
0.8004776957642388
0.8698795241504297
1.0
0.877232067361173
0.9736200458982325
0.4068401150584591
0.7782540639315231
0.7782540639315231
0.9406386836792521
0.9066274010783697
0.9134840611106714
0.8119038329635254
0.7879748631227513
0.06992395589630822
0.7625288836146378
0.7625288836146378
0.6287205241407792
0.75
0.6999314752600011
0.603203961595772
0.952122477654636
0.5232823652211727
0.14912958690388806
1.0
0.937529232822188
0.9090397804332266
0.8858435017955715
0.504702589868221
1.0
