5.774450317746769e-33
0.9968509686329379
0.9981067943788717
0.8668537513450429
0.9887062585689651
0.4660925776978622
0.3147829264787795
0.26951101971190544
0.779968300896971
2.2176469797421396e-212
0.5485482697216872
0.8586172779462169
0.9988626472764431
0.48907080719499835
0.45835375599854383
0.9994881310496332
0.711710536566553
0.994443494799634
0.39974517395454423
0.9943351063659779
0.5518709755346207
4.0642011674777375e-13
0.9997910218389785
0.7512723824243753
3.0444560005664494e-24
0.8337705786649409
0.9999310023804453
0.9999080042318702
0.5114660853959084
0.30272696055689186
0.8153001103209181
0.9978563010117153
3.4458297919511514e-08
0.7304635108229702
0.9999180033619081
0.9996780518364361
0.9634496980646694
0.9958834961263117
0.9999720003919963
0.9981936334474274
0.2605920816046404
1.073635130578261e-13
3.780392487625495e-09
0.9940686602628444
0.9977605114047928
0.988741852634963
3.0008854493721146e-15
3.0933320304723717e-09
0.9999740003379971
1.6969210941390474e-16
0.9972647476381256
0.472121458107701
3.3249007929183577e-09
0.8065245029849243
2.3262833908624883e-31
0.9999610007604901
0.8910773880571793
0.9998720081916505
0.7083535114107063
1.1745288822634792e-12
5.360750831998138e-22
0.9999880000719997
0.9998720081916505
0.9385050894576057
0.9072874093097482
0.9999050045123571
0.9999910000404999
0.9878553488495379
0.999707042920308
0.9998750078121745
0.9989635374986886
0.11277551827986874
4.1115086239036814e-11
7.87995090793443e-18
0.873910772062465
0.999163350186791
2.5396745170873715e-10
2.3802845109018652e-11
0.16006600781170854
0.48814831261991576
0.9998270149636371
4.737182979712093e-07
0.9947647519286876
0.949469377912745
0.9983194137692356
5.630932820634047e-12
9.206326676520978e-10
0.8781893921585064
0.7125401625049298
0.9999750003124974
0.9999550010124848
0.6524459359498112
0.9999870000844996
0.7753118061700661
4.1878405068861945e-13
0.9350904653395522
0.8740436165957474
0.8099773456824858
0.49324907963552883
3.1887750205374358e-09
0.9969117783967034
0.8721210900305812
0.9930929639837466
0.9997290367171832
0.6647501654290461
0.999707042920308
0.9994881310496332
0.9998530108039706
0.806172934949024
0.9995690928671576
0.1794052617638867
0.7640110702993341
0.9991873303949569
0.9976906706134507
0.9992183056823136
0.9966227158970568
0.9986648920506959
2.0103567802326994e-13
0.999886006497753
0.9983373836804121
2.4267087852294447e-10
0.9989475542099553
0.9998820069617261
1.2704774109322447e-08
1.1236422499489852e-26
0.9459070221634986
0.9999550010124848
0.6052588870502372
0.9937913537926825
0.9395380130598372
0.9494608327267972
0.8124442357960397
0.9998420124813426
6.648306973859753e-24
0.9951209414640008
1.2637433243467813e-13
4.216615689334327e-09
0.9996100760401144
4.096577368649778e-09
0.9992462841865699
0.9956952919314005
0.9992213033417272
0.9875679247652552
0.9929747929523484
0.30628629801990603
0.38665981636661845
0.8774379836875263
0.9920378670464063
0.9797704200666685
0.4301191567332807
0.7707108563094065
0.42413902005586906
1.986678293078919e-65
2.2477165561196632e-09
0.999114392382108
3.78282027884014e-09
0.7654709604543344
0.5408512455280569
0.9998100180488569
0.9978113984884841
0.9999660005779935
0.9999650006124928
0.44785265309854727
0.9993412170928093
0.46088164698435813
0.9989655354277615
0.991324848180999
0.9843113690721822
0.9999450015124722
0.8897399944543435
0.9711182853848446
0.9999290025204404
3.695301038496787e-11
0.943305578057219
0.9986379284626206
0.9986299393911492
0.9999970000045
2.7346053134306e-12
0.9172648740142987
6.712082153756386e-13
0.9998450120118794
0.8915595913483475
0.9999680005119945
0.537591661766735
0.7723997902376439
0.9968340223105153
0.7532719206259072
0.999977000264498
0.9983982841182611
0.7096609203463172
1.2933736315990121e-11
0.9857347271290203
0.9968230571965782
3.4712367061848305e-10
7.612860056199763e-10
0.9595901622471553
0.984300541706673
0.9999830001444991
0.9999620007219908
0.9997260375345718
8.066334281420846e-23
3.9931630090760314e-07
0.9682683587626754
0.999746032255269
0.9994401567707347
1.4749734296153954e-32
0.9997450325097366
5.939802078822479e-41
0.9988266888683964
0.9982744904063993
0.9991433671196187
0.9888436982907456
0.999654059851097
0.9940646839961559
0.30479465238261966
0.9996760524823317
0.28454553087373263
0.9997740255360762
0.9985340755185071
0.9999950000125
4.049623188633571e-09
0.9835596423823716
7.890109386820236e-43
0.8518890360607677
0.9976946613841148
0.9998330139437238
4.408449013327456e-10
0.9989115927453139
0.5621222084330593
1.3082899855326886e-10
0.9999370019844583
0.8280034151732576
0.4510595086309184
7.94919802221553e-22
0.999706043213765
7.650741749318449e-28
6.640855774903733e-09
0.9210324591233813
1.5916271534214593e-20
2.7426354519900824e-14
4.1246354946888556e-07
0.968658649549568
4.9628484485508e-20
0.48019740461964516
0.9999990000005
0.999996000008
0.6907467639672058
0.6158178852419354
3.92459518730329e-13
4.227693831800021e-07
0.9994181693291485
9.780014589450411e-32
0.8930979657815669
0.9987837402441772
1.0284064701939518e-16
0.9978074072508727
0.9988856213815317
0.9996270695558516
1.1545314387172563e-17
0.8340332577670069
0.71187140132485
0.992077549354729
0.6179387107414457
0.9998170167434787
0.9998300144491812
0.3558080069244857
0.9146790868308147
0.3405276338514453
0.9985909935829611
0.9991253827008708
3.669059105932389e-35
0.7206411335034174
0.45742378422612046
0.9999780002419982
0.9990784249114005
2.365139321515403e-10
0.9998770075641898
0.9647657048728395
0.901765293086916
3.7186542309056397e-09
1.2554180829834233e-07
0.9999530011044827
0.9999870000844996
0.9960936497144182
9.032836113446042e-15
0.9927454422662004
0.9861044469698312
0.9979600834636145
2.505841959952393e-30
0.9999500012499791
0.9999130037843903
0.8542315381371688
0.9999020048018431
0.9972487915298126
2.0165188312972648e-18
0.6652662117574986
0.9891542439651282
1.9437240452930637e-08
0.9989185851509366
0.999994000018
4.779782846785116e-12
0.9795597920696751
0.9998140172969275
2.296034675467433e-17
0.9999880000719997
3.851231356188994e-10
0.9999990000005
1.584317398180181e-07
0.9998820069617261
0.9911137184744483
2.5088178120022555e-07
0.9999850001124995
0.999511119541014
0.9999680005119945
4.033842306977377e-36
0.9897657302176889
0.8125108589548873
1.1360041526675225e-32
3.1390005873396376e-05
0.9576106531087231
0.9002642028639856
0.9940557374542593
0.8498350560790011
0.9998210160195442
0.6455652431398704
1.1787191642386886e-15
0.9999830001444991
0.8115899938700182
7.464279654414158e-10
0.9244632316604354
0.9990024978363726
0.9998690085801253
0.9186647700966305
1.350902431558579e-09
0.3660021760890312
4.237230449224807e-20
0.9943878075231836
0.9522639730604227
0.9978383397599488
0.998683866863905
0.7771654631487528
0.9997860228963666
0.9978483181932385
0.9550266816415643
4.6611883103227005e-26
0.9999990000005
0.9687400202936537
0.9999800001999987
0.9773553281192722
0.9996170733351373
0.9998590099400329
0.98870922469219
0.6129940803157355
0.6525190139869312
0.8910854077897605
0.9996270695558516
0.7086213196505882
0.998683866863905
0.9998980052018231
0.9987367985115251
0.891320685392694
0.9980558922303742
0.9901577550626515
0.9999950000125
0.9999530011044827
4.3532214701367026e-23
6.841404493540607e-22
2.9287682814173296e-21
0.9979281492518938
0.9940070299164685
1.2833349750147678e-23
0.999992000032
0.9830080201674936
0.8806279908974741
0.9449814323389467
0.5774104000800183
0.977637824627878
0.9476623604784034
0.9998450120118794
0.9999950000125
0.39660438756899824
0.6629690311952308
0.718445808076987
0.8308533282546049
0.999998000002
0.9936532263945818
2.456241015613011e-23
6.218806018849885e-10
2.8283226618490922e-09
1.6422351477751826e-13
0.9991133932682151
0.5419578760650391
0.997393403088669
2.089901293657574e-09
0.995833703196339
0.9999450015124722
0.9910403787728836
3.003474096877197e-07
0.8811811989649095
0.9999530011044827
0.9983283986843916
0.9872608388949812
0.7549626508723432
0.9999790002204985
0.7979805940987598
2.84065041656413e-22
9.320215864174331e-30
0.9997640278458094
6.328291546859683e-14
0.9924595727460146
1.477414642162633e-29
0.999996000008
0.9929857157351459
0.9983034407863995
0.9548987166400709
0.9993212304683344
0.9995471025890085
0.9996780518364361
0.9868235792035234
0.44347581981180645
2.261692900375729e-28
0.202025167046991
0.9397165422420538
7.144444223160635e-11
0.8423960560292141
0.9960418541913283
0.6956532130020758
0.2087280647112345
0.852148049695808
0.9980469097677652
0.9999780002419982
0.0009343887367077917
3.86616036150619e-20
0.999149361997806
0.9998600097995427
0.9972188745148242
7.799723090575512e-24
6.574477088355279e-65
0.9999240028879268
0.8867111481911097
0.9648592916850992
3.707230552023289e-12
2.218472368997684e-09
0.9122748168814789
0.9999860000979995
0.9856016619229614
0.24786872689412187
0.6368857473595841
0.9999930000245
0.9889297314348844
1.2205885236490435e-23
0.9524639694936557
2.0360284433533028e-33
0.9993731965234245
1.6953599341216885e-33
0.9998990051003283
4.243270044579408e-13
0.9990384625736561
0.9780974224024697
0.999982000161999
8.095252589730564e-30
0.9940805891583407
2.132782350019191e-15
3.363200094976647e-10
0.5764895880849216
2.4696788351447407e-12
0.9950015341156092
7.764515217715889e-11
0.9999520011519816
0.41461578784588843
0.8954884100495691
0.9033854154127884
0.8768818643143377
1.7743325514356096e-25
0.20182061917376193
0.892240110901741
0.6768199460569863
0.9695453778302284
0.9943241687399649
2.415326981227675e-18
0.36354797862620075
0.999996000008
2.372664655923696e-07
0.9589416985029162
0.992968835121464
0.9999800001999987
0.41031299831868806
0.6830057504821578
2.7995980042027247e-09
0.9920358829726562
0.9913238568566464
0.9998090182393388
1.018066184176097e-10
0.9836639052302973
0.999996000008
0.8477529654146703
4.328765489057911e-15
3.2284566603845586e-13
0.874478124239401
2.219857127755735e-09
5.377792386469592e-21
0.9910592087189642
0.9935826795199515
2.9714064559367918e-15
0.9932310134999593
1.5435266595411372e-09
0.9960368739945079
0.9999650006124928
0.8213359969190539
0.9961195484859934
0.9999830001444991
0.9999830001444991
0.7813172512783885
3.071378442719992e-05
0.9999170034444047
0.9996380655140944
0.9999850001124995
0.999880007199712
0.9977225972257334
0.9999130037843903
0.9748233537886075
0.9854666437442343
0.9999900000499998
0.8303674211992471
6.239105008392855e-08
1.3428159133789721e-09
0.9999780002419982
0.8509780022821745
1.602241491268488e-17
0.9947160096500387
0.43230799213736293
6.00315149739596e-17
0.40608856612708744
0.9987797451172065
0.9997550300100492
0.9660796449305609
0.9940080239239955
0.766690560767641
0.9725332634624335
0.5726755230858782
1.0504859188178658e-09
0.9984901409857512
7.112756982738388e-10
0.9999260027379324
0.67430887603223
6.9079286867490415e-09
0.8177611317496853
0.9321076189373336
0.6713605191053259
0.744615724288934
0.9995211147021852
0.9932032034209243
0.9998370132837783
0.9772488021942756
4.0558409250964823e-22
0.9731159853950428
0.997007486521346
0.9234487280964531
2.8364186252105267e-13
0.9873546331298318
0.981136191300635
0.9996400647922247
4.4540995974764797e-10
0.9994491517726232
0.638863795440587
3.477403946235571e-11
2.7273513938922834e-21
0.9906638549730028
0.8773721783064824
2.50489848539333e-13
0.9995521003370158
0.999883006844233
0.9826895771595123
0.9902379610891118
0.999478136218297
0.5117510513611278
6.591208073823382e-07
2.1676040168599428e-26
0.9998760076876823
0.9702495233484281
0.9944783009310558
0.9999700004499955
0.8510324666171607
0.672027511207569
6.545637760061251e-09
0.999992000032
0.9741139406447652
0.19971318833596996
0.999458146855467
0.6651744113546495
1.9739289154260965e-10
7.837470295692314e-12
0.8811380221440009
0.7210433634676358
1.6659505474169913e-20
0.9999860000979995
0.9934992220801333
2.0456408008953636e-87
0.9997270372611091
0.7461400215077905
0.7664414268218507
0.23324450452089407
0.7687418973111603
3.2553652713484427e-16
0.9088447422480035
0.5618355991983255
0.9999830001444991
0.999731036177256
0.9999780002419982
7.728309991848816e-13
0.991841462993374
0.999670054444011
0.999338219073655
0.7423057935691744
4.888163404118369e-07
0.9999950000125
0.9999480013519766
0.24647763988980861
0.0002300932261680797
0.9982954543908189
0.9940974886720019
0.908433128817246
0.8726960072433266
0.9996650561062347
2.61011086339049e-29
0.7020827530965038
0.9956952919314005
0.9988966091837997
1.203668807064611e-24
0.9976118561636841
0.9954792494945035
0.4871179442029454
0.6161862544687313
0.9674253641996196
0.9196372317649038
3.0269625287529504e-07
0.9243162536916596
0.9945091302362364
0.27740659418190516
5.48739657004593e-10
2.167668038054539e-21
0.9869804966272213
0.26124333186253923
0.9668866583152769
0.9999570009244867
0.9982195868192894
0.8804950261099427
7.840454753447599e-09
0.9986329352854613
0.9999580008819876
8.391359604650976e-06
0.9992302963739258
0.8108461069699103
1.4187137495714926e-07
1.9221079759123154e-16
0.41338785933730554
0.5603212494503602
5.739813646009047e-08
1.6877656573706116e-06
0.46854693541765735
0.9985790105629364
0.9999620007219908
0.9999970000045
1.8212045374344986e-12
2.5561044361921596e-15
0.1893335508640337
3.71534703828215e-130
0.40879151343796266
0.9998020196007064
0.9999310023804453
0.9999890000604997
0.9735315946470671
0.9997840233263204
0.9123532758894197
4.741407454375707e-11
0.9983863034107361
0.9999760002879977
0.9487214907491919
0.9999890000604997
0.5133661221316561
0.9988746337001289
0.9897093151789104
8.17591301967244e-15
4.978143577166227e-22
0.9999420016819675
0.9999970000045
0.7268842718652652
0.9999840001279993
9.514828827556679e-27
6.994449017359687e-09
0.999697045899864
9.639594302505217e-11
0.9999230029644239
5.4645175455093635e-09
3.061483648640891e-07
0.8974759101844869
0.8461056883931497
0.999229297144129
0.8800821707648432
0.9995630954705926
6.965264491612558e-17
5.365678505435301e-09
0.9884037607383714
8.080171082366078e-22
0.31837001609568094
0.9989555458223554
0.9998080184308205
0.9439604593459134
0.9998610096600524
0.9967443112855641
0.999294249159361
0.849899645997649
0.9993831903053585
0.8588207943568321
1.5526531990940097e-13
1.718866551195e-44
0.9518403098644631
5.3230743561430135e-11
0.9175749619436234
0.9999490013004779
0.9988426702232689
0.9999630006844915
0.9995740907251166
0.998102801959679
0.9771452193112328
0.2711646711561105
0.7840605731071433
7.787891368695574e-23
0.4721252350944738
0.9963706022436567
5.08142965912509e-07
0.999654059851097
3.015560582134607e-08
0.9999710004204959
0.99795908550403
1.014688599487396e-19
0.8343636003405952
0.6394524600346226
1.2683707576801894e-13
1.567427249896768e-17
0.9999710004204959
9.477767037480338e-08
0.9933700755759676
1.3129176008402572e-09
5.863741786533426e-10
0.9999680005119945
0.9776964846571389
0.9838331099731877
0.9704562085080893
0.6901757525391746
0.9999590008404885
0.9998140172969275
2.9469099266383245e-23
2.0746926514620164e-11
1.3256367763793937e-10
0.9997870226828894
0.9997740255360762
0.006489375356309242
0.9492899451572491
0.9996310680721269
0.698095755568939
0.5994306445686162
1.6773424633565695e-18
0.9823545371412706
0.9844619802331103
0.24642687072539482
0.9574067037609875
0.6023774721651085
0.9999900000499998
0.9871038769004061
1.7487476967979155e-10
2.89062480394097e-18
7.201330422258588e-30
1.1248108969646799e-10
0.7242692959664851
0.9998890061602721
0.9949686996067558
0.9992243010101337
0.5044855912763482
0.9991623510239405
0.9355871302295058
1.828264298250833e-22
0.9999240028879268
0.8130066417772371
0.49582313426083396
0.9998480115514147
0.9999530011044827
0.8239890813082178
0.8702941683016966
0.7849996555418626
0.9437009059098265
1.3023883443805892e-19
0.9783693712850408
0.5631766131202766
2.488116329317516e-10
5.764662741438397e-07
3.832137865722406e-09
0.9595863238941831
0.9998530108039706
0.819718738001356
0.9996490615932934
0.7797249887457605
1.2997484476713902e-08
0.3869994527639484
0.996900812427454
0.9992722649277069
0.9872351704468612
0.9993202311476036
0.35911629551978513
0.9993142352442044
0.5747776549563103
0.8620387980436095
0.9999810001804988
0.9511228927710581
0.3924940111863615
3.2003873102873937e-09
0.8965044699036185
0.3410940613497733
0.6772512177080623
4.547259813512943e-41
0.8669803212321162
0.7332306212831758
2.7189852584431908e-08
0.532071712921713
0.9999010049003383
0.9994551484855239
9.170603888176775e-23
0.8516062558449088
1.5622622482651755e-10
0.9960627712898951
4.4911131153126474e-17
1.4245668989264292e-09
0.8641170887270403
4.777340113166502e-10
0.9980938190748845
0.9977994248235444
0.9995550989978148
9.424181913522024e-10
6.9162370093320564e-09
0.9733602681635819
0.9800271535473433
0.997178986557608
0.864596806820741
0.8507048821815633
0.9992722649277069
0.999862009521562
9.517344177642856e-09
7.887360629870964e-06
0.9998550105119919
0.9961145679007024
0.999862009521562
9.26253411635692e-18
0.9987108316923339
0.9939145915611365
0.9790730718130191
0.9998940056178015
3.2223706066081536e-14
2.665404274742294e-08
0.9984392192870752
0.9999560009679858
0.9849651688587538
0.999914003697894
0.9964493186304902
1.8964657945076005e-22
0.41473148178925207
0.9999870000844996
0.9993801921602848
0.9999170034444047
0.9093556565466173
0.9720636433185756
0.5683874286993462
0.8243302834118414
0.9521944603276348
0.9995910836290982
0.9971899555867897
0.3377534795663261
1.833614257021935e-11
0.9650136815226265
0.6817651740534432
0.40883280346593115
6.234298974335609e-23
0.9979321409724742
6.003473580866684e-24
0.9988506609965937
0.9812038920334832
0.9999890000604997
0.7601549385245774
0.999880007199712
0.9989775230861124
0.9999890000604997
4.311287791244082e-07
0.9975021248948365
0.9898270975953315
0.42209874475822046
5.3115348207597366e-09
0.9997920216305003
3.302777070051013e-07
0.7990522029447487
0.34907656391321845
5.90467381251814e-13
0.8465813334337638
0.9636366254374629
0.9999010049003383
0.9972238606216619
0.6715821046362324
0.870458669444374
6.098255196036881e-29
0.9999970000045
0.9971869640214103
0.9949677046385537
0.9971779893791201
0.9816474964397256
0.9999250028124297
0.9982265743808536
0.9906846591324001
0.25676782681589055
0.9764780569883117
0.9999320023119476
0.9995191156619548
0.9998300144491812
1.7564626926018132e-21
0.9998500112494375
0.9999970000045
6.495656786589667e-19
0.9987417922080019
2.809579525080188e-09
2.045177115745033e-15
0.9999300024499428
1.0492394390714458e-06
1.9028158910539976e-09
0.6690643735101879
0.9331652285285101
0.9998210160195442
5.9924866825454234e-05
4.873446538561416e-15
4.14983627980666e-31
0.9722561309756019
0.998916587315764
1.2722908773389391e-12
0.5364767791254967
7.072755921126102e-13
2.968367777430765e-24
0.9974193356542712
0.38660800742250206
0.9999520011519816
0.9985131065230965
7.231119968691372e-10
6.12429729764775e-11
0.9956514823023744
0.6295053038731682
0.9980928209815644
6.038902009546283e-13
0.9995890844489301
0.9999710004204959
2.67013844960154e-25
0.9999390018604621
0.9994851325897378
0.5111444743854607
0.9978463224985978
4.0699572182172875e-16
0.7661555974801322
0.999907004324366
0.9999590008404885
0.7210152433248068
5.801197958417292e-37
0.6261157630365752
5.671966238748953e-09
0.9999740003379971
0.6007226090470681
0.9999840001279993
0.9999040046078526
1.5478362312571768e-32
0.5078663279429722
0.9972318384444582
5.744777124910175e-12
3.755703361154666e-17
0.9999970000045
2.2669019416827566e-12
0.9644271315335263
0.9992203041209234
0.8218092227292288
1.1837245158275221e-09
2.1226945630258738e-14
2.1142555060896084e-08
0.9860659896463221
0.9415319464701445
0.9592092805627601
2.3382414176936586e-12
1.792417061945144e-11
8.905986142798538e-07
0.9985230917040876
0.999707042920308
0.8643979724220047
0.7209604482485534
0.7039492594968007
0.7309735523373053
0.9680834371667263
0.6530098928327626
4.8142838541117223e-14
0.7614566769440386
0.999696046203318
3.065520914808754e-27
7.358351008505354e-20
0.9999310023804453
0.9973086282523881
7.71608593213233e-24
0.9998930057242958
0.4210123966537078
0.9999790002204985
0.9780641676554418
3.1700823989112827e-17
0.6494288465427835
0.9941640954350446
0.9086284629376072
1.2518393252036544e-10
5.419502507390966e-11
0.9959751216226636
0.8282336321213488
0.9996590581338919
2.1753551811248067e-21
0.9989755251330642
0.9999700004499955
0.9904944659369778
0.9535561188847685
0.9901429028077177
0.9998290146196667
2.0397358717702604e-25
0.9999760002879977
0.8521352675709287
0.9999590008404885
0.9974183382354342
4.247439572188987e-36
0.9993901860121756
4.915138945747304e-11
3.088501216210281e-10
0.5489510519546591
0.5070807590545079
0.9992542781888194
0.999423166432488
0.999707042920308
0.952139234650496
0.4222621285851732
0.9818192997839568
3.2303640405825074e-09
6.88009695369207e-08
1.639722199511942e-09
0.7413273376609847
0.984405867499465
0.4058660905567236
3.806643527482205e-09
0.825305217879596
0.8540239850921177
0.999998000002
1.7253361998217097e-10
0.9667368024973639
0.9982704973164238
0.9889613776926277
5.4389965215319055e-17
0.7864477439105707
0.5486376903772374
0.84964386470122
0.9999950000125
3.774680502245082e-08
0.5303118761161311
4.72990323204138e-08
0.9940805891583407
0.9740184821561243
4.60743092157585e-26
0.9165139416312665
0.5104079352257588
0.9842808558926976
0.6621388512155162
0.9956435171223768
0.9999870000844996
0.9937307343690123
3.2047011367041857e-09
0.9999480013519766
0.9588592330629097
0.7184429342995022
1.1446304535795525e-09
0.9577744185319492
0.9998970053043179
0.9994731388401094
0.9998400127993173
0.664339476742686
0.9997410335376046
0.8075034107946037
4.229525999571486e-10
0.7618748314325854
0.9386411825620887
0.990011222558575
9.927503364541832e-11
0.9998680087116166
0.9996490615932934
7.348335587836305e-09
4.937779997364704e-09
5.131725359065055e-10
1.932823806658075e-22
0.38382751768423073
0.9857702142179607
0.9997430330216711
0.9998010197991867
0.9253502171411572
0.8144876611841213
0.9999950000125
0.7812164678536442
8.698356230649436e-33
1.718486485025389e-21
2.19209966781635e-09
0.9993362203992157
0.9718643906957869
9.391131973814197e-09
0.9791514007918815
7.676576994418708e-08
0.999706043213765
0.9905657841059484
0.994595656294396
1.0
2.162478109388237e-09
0.9172474461472577
0.9975190825750996
0.09273957339872677
0.9955628732636101
0.9999760002879977
0.9976238275777863
0.38394690660624564
9.092574931456191e-23
0.911658327502154
0.6137614157784691
0.9999000049998333
0.973540356470847
0.8579083529009839
0.9977086292071486
0.9849060727215241
0.9999810001804988
0.5997172409077881
0.99984101263983
0.999994000018
9.912782330284763e-33
0.9982315655262033
2.0215660592642403e-16
0.9995810877682413
0.7640630248185482
0.9374076806123017
0.9999890000604997
0.9995940824068472
4.501464719091909e-09
0.9939712463075003
0.9892610783924317
0.656151875043061
5.35006517968485e-08
0.44962606874476485
0.9535971226794558
0.9999360020479563
0.8762594991564501
0.9951975687266051
0.999754030255519
0.9283532140727023
0.5734824181432002
0.9994931285027822
0.9999700004499955
0.9969506587142222
8.125616512780853e-28
0.9682015505508306
0.9893837543719058
3.1515436956602494e-15
0.9992003199146837
0.999048453008234
0.9972926714419909
0.9994101740157753
8.093178026844752e-16
0.999066436042235
0.9954832314194654
0.8827272643370709
1.7039912644826064e-14
0.999367200302234
0.9999120038718864
0.9999240028879268
0.9948741820699473
0.07456217036916206
0.4436261835999447
2.7654573355278225e-11
0.5836031878265409
0.4277043898280925
0.9950801423417884
5.095984771496109e-10
0.9987777475597137
0.812036491142141
0.8157674111530346
1.5949794257645126e-09
3.921052148173687e-11
0.9081733540919608
3.6297360420366285e-10
0.39337142958639587
3.04764712925598e-20
1.3472686246274796e-14
0.504423543364646
0.7625532018626237
0.6441008279455391
0.9545349695272561
0.8638388878172204
0.9989475542099553
0.9940050419043968
0.9993122366177326
0.9994361590181032
0.9998230156635758
0.9672435053264197
0.8027989259024496
0.9999850001124995
0.9976008824936216
0.8574512095884028
3.9505210748836873e-16
0.7453845643696457
0.9999800001999987
0.866959513954095
0.9988037161187401
1.9562612749903398e-23
0.9948821410952399
0.932673580013838
2.2546208851737583e-09
1.4575552675848011e-06
0.9999410017404657
3.502754471925653e-07
0.8071788596626125
0.5080852655079716
2.725115566515532e-09
3.0669870841562793e-18
4.299129889558708e-07
0.5964284466273937
0.9994251652808197
0.9894658766315454
0.9999750003124974
2.4093423753001166e-09
0.9999880000719997
0.9995550989978148
0.9973305692835601
0.9999550010124848
0.9947319252335175
0.5123260706046804
0.9931128260416462
0.33858029719652405
0.9995870852727604
0.9266280819647431
0.9986279421332677
0.9970732911869865
0.9998330139437238
0.9999350021124542
2.6121291392815475e-07
0.9998790073202047
0.6244581283143833
0.9992053159287734
0.8866366675828911
0.7534911546518129
0.9999640006479922
0.8158693884528773
0.9955449532931716
0.9977066337918856
3.1041875512503213e-11
0.93354230344484
0.9996780518364361
2.9908027718830603e-09
4.285631560799618e-10
0.665490444251914
0.9995730911515256
0.9994291629894761
0.7503901557846795
0.9999640006479922
0.7528366552595942
0.9999390018604621
0.8544647751824884
0.4950156008704966
1.1652850601984837e-08
6.61637524483132e-18
0.9341988144207319
0.9999570009244867
0.9958247407333414
0.6446369428272546
0.3909920702081499
1.241086647942963e-25
1.3045257411301456e-06
0.9044484215864346
0.7427030334209191
0.9925826453633797
0.8567295395356581
3.900784628760189e-40
0.9999180033619081
0.6278054208091386
8.930277039301306e-26
1.4299217806825146e-08
0.999746032255269
0.7977978774645643
2.2612012732902104e-13
0.5086266645595602
0.5757095493880239
0.9907064544346484
0.998877630328525
0.23790543885423063
1.376002405791666e-16
0.9998050190112643
0.847350378378089
0.7935942250029181
0.9995391062441732
0.86947995407187
0.9036718339844193
0.9999860000979995
0.9999850001124995
7.398726101510926e-09
0.46888534845743546
0.9965001388416448
2.625101977741343e-08
0.9404817829181402
1.7519893784030021e-10
1.718973005953539e-11
0.9995570981100119
0.9998850066122466
0.8138640025274144
4.6426663098714e-09
0.9302275921803492
0.8478224840080577
0.9999590008404885
0.9981117849253199
6.087380938988838e-10
2.242522187341478e-13
0.9279336932387924
0.9910453339871655
1.4199267729190931e-14
0.9894233305135983
0.99894355842773
0.9096748964053828
0.6759386239733045
0.9999690004804951
2.9611832347802876e-10
0.9999100040498785
2.5728747073339027e-09
2.702224946449979e-16
0.9914259684725606
2.37129646433857e-09
0.997732574501592
0.999998000002
0.9999480013519766
0.9996450630050442
0.9945200698968371
0.9966805216909306
0.9978752604615487
6.611587186012973e-08
1.2430174324736105e-09
0.9999850001124995
5.688158631418867e-17
0.9180705862295866
1.586465306278678e-48
0.5302455912745054
0.555386506226304
0.5092944206957012
0.9354954471832859
0.9997300364467198
1.098874694259078e-07
0.9687429265180739
0.8090625882171704
0.9973106228716392
0.7185298711541261
4.498567545752103e-11
0.9999430016244691
0.39803513448238687
0.8930309859459085
0.9484132063636246
0.9947756944011423
3.552644003290885e-12
0.9985300813901934
0.9987268111934766
1.692460905332225e-39
0.9998970053043179
0.8731071438778152
0.9984741652713014
6.0168538765286614e-27
0.9248007223282915
0.999998000002
1.6960859411310545e-13
0.9999830001444991
0.9948274240822113
1.0161842426356823e-18
0.880593647075538
0.9990594426016597
0.9999730003644968
5.606929827573131e-14
0.8606795735304861
0.9929023084381797
0.9820068451802306
5.0397950564069817e-26
0.9999910000404999
0.7573801287465158
0.9781698042898241
1.8960830562693233e-13
0.5651280140272712
1.3012104282793925e-10
1.9554488227686765e-08
0.999992000032
0.7976431196883259
0.999707042920308
0.6575904222836825
0.9991193879665587
3.0771273644808566e-16
0.9989215819111871
0.5118155360560497
0.9901518141339439
0.5283544043942023
0.999693047119678
0.9906054075297759
0.994142224065531
0.7586513208190592
6.712915752070334e-15
1.2015793746153003e-09
8.766064236991046e-10
2.961249826335508e-26
1.321712852349428e-27
0.9996260699292818
6.857294340112413e-21
0.999489130538264
0.8222284523272815
0.999202318317322
0.9739454335093212
3.36690470436468e-09
0.9985490536419755
1.0074593342112361e-07
0.9999610007604901
5.510071783609761e-07
8.629139906737425e-09
0.9997960208065851
3.510308189664158e-09
8.663855548478476e-09
0.9984342271034593
0.1450142885053851
0.998327400356492
3.2655744004721127e-18
9.680541472312394e-09
8.28292956903642e-83
0.9455419725120588
2.8100035423070873e-08
0.9999840001279993
3.247409962328882e-08
0.9798311677158703
0.9999610007604901
4.956163383049218e-10
0.9999650006124928
1.6218476482208815e-11
0.999783023542797
0.7696179931740769
0.9985979837443818
0.8740707123678442
4.421285486718296e-16
0.5913075545889194
0.9999790002204985
0.867215304737997
0.3797310651900726
0.9225358887778143
0.7417581739899998
0.9921053279150089
0.47088894421368044
1.3479587899642759e-37
0.9944971961982779
1.475176510781175e-07
0.9992442856960001
1.8876618181574502e-10
2.2273704510286297e-40
5.076780033369688e-13
9.142351709093101e-07
0.9999760002879977
5.552171519053232e-12
0.7430009170589987
0.9998460118573913
0.8870951772545685
0.9999640006479922
0.9998530108039706
0.9286949109238456
0.6646371675060188
0.9986688867182534
1.7119813687326003e-15
0.7413429056985393
0.9998360134472649
0.712268024144589
0.9470143810580613
0.9999910000404999
0.9999760002879977
0.9999710004204959
1.0493142304561783e-09
0.0637742356582884
0.5856657761395949
1.598858079124111e-18
0.6787455255141955
0.9981956298366906
0.9999880000719997
7.412634653856176e-10
1.290744381326347e-44
0.6826336137646117
0.7731401037902639
0.9979191679389665
0.9881290226832453
0.6941772136438767
0.9999300024499428
0.6157489175010539
3.571585961108906e-08
0.9960548028195987
0.9920279467173375
0.8241530714518762
0.9953976235427547
0.9970403883112777
0.2631981785388553
0.8796114527317854
0.9995960815970112
4.667767611814086e-10
0.9968519654844049
0.14688049235873565
2.774939199716816e-09
0.8693312857112308
0.9698527724344712
0.8423025552563838
0.9881319870747599
0.997234830144461
4.318667605110807e-10
0.9999100040498785
0.17573677500981477
0.9998090182393388
9.879070861411199e-05
0.632078932144508
2.1303670779029256e-14
0.9986668893824773
0.9986339339188958
5.593565559759472e-10
0.825331628069129
0.9658458819429501
0.9998450120118794
2.4471799038280428e-14
0.9925975342147263
6.087192938784105e-22
0.9999840001279993
0.6058547549140042
0.9970104775482921
0.4636552493525668
0.8666379316316274
3.1825355088564544e-13
7.581028905394438e-10
0.9997980204006264
0.9889445654921111
0.9999470014044752
0.9967273667763009
7.956027654743527e-09
0.999712041468019
0.44181280708231085
0.6622428151761144
0.11739170851725833
0.9998720081916505
0.9594673425670149
0.9748184796840238
0.6242102676410416
0.9999930000245
3.4993770810384845e-32
0.0017177929168933096
0.9315801952999847
0.9875876763212654
0.9468051140047086
0.9431395708845407
0.9958157783510055
0.977788392446295
0.9999620007219908
0.7375067782226681
0.600264432512941
1.8463554166745597e-07
0.7057176857519164
0.47111266959275294
0.9973734554200846
0.9997840233263204
2.73690169086236e-27
0.647823497586404
5.488179918628339e-18
0.590702365562684
6.207088403882547e-10
0.9658796871404055
0.9460460807163099
0.9998680087116166
0.00035691496422709005
0.730920924136175
0.40336920298221896
5.993783986402114e-10
0.9968738964688856
0.4486814986857337
0.9998540106574814
2.5609283691377975e-09
0.9919733866806828
0.9987098329820016
0.9006892278657471
0.5638759491454096
0.9757001140283413
0.9998500112494375
5.335539103307695e-10
0.7758143710338944
2.4954015893158646e-18
0.999998000002
7.28611758504006e-09
0.9950234243901519
8.77000189914732e-11
0.7974692524404524
0.9999990000005
0.9998600097995427
2.934100491865431e-10
0.9895776925930876
0.7191214646454157
0.55910722974063
0.8777784956802518
2.5582310484257127e-11
0.43775013474655167
0.9643885552197964
0.9999500012499791
0.984734713973514
0.614810001228266
0.8894962390918727
4.5330179415667583e-10
0.976992796546305
0.8041214210494029
0.9080316900988011
0.9916798060103081
0.999585086100589
1.1296788569133392e-15
0.8029514721898094
0.9947627624011733
3.230024870165012e-09
0.997840335438624
6.4828546960884295e-21
0.9955200649804445
0.9585064377834553
0.9820068451802306
6.549743770932922e-10
1.4576464521272908e-12
0.9834907956170696
0.7938505973394975
0.9798017732217584
1.5355500780690073e-18
0.9999330022444499
0.981900794167809
0.7851142738585052
1.0073292866636971e-06
0.9999640006479922
0.9999950000125
0.9902211271868618
0.9999060044178616
0.999998000002
5.342404523621196e-09
0.9992782605792835
0.9988386748605786
0.9988806269659108
0.84430455695833
2.41502721927966e-06
6.707095681516442e-11
0.9969775767453992
0.9631530012513202
0.991765094140962
0.9582687576604385
1.1608212676347644e-08
0.765319412207936
5.150999347723326e-08
0.8173825959834773
0.4442970094446585
4.465739566231896e-09
0.7363961925443779
4.261967196662923e-09
0.9997040438036779
1.761848404730188e-16
0.9999790002204985
1.5725470835026844e-07
6.53247114930365e-14
2.923887644654627e-12
0.6408037699835842
0.9580704165566153
0.6780657631154657
0.9999430016244691
3.506389038414302e-08
3.39575592623488e-15
0.8985292671001858
0.870332462087559
0.9999520011519816
0.5848785851752814
1.3199354540376856e-09
0.7753242112582053
0.9977555226147078
0.9993721971507277
0.8986568673155149
0.9893461585035658
5.221982483622089e-12
0.9997210389168807
0.9706153763776932
0.6290509650798127
0.9999950000125
0.999992000032
0.8632439078176617
0.998568026254234
0.0992980843160281
0.9990084918693417
0.9932965689101552
0.36809213695159837
0.9999850001124995
2.5685855940829115e-15
0.9999520011519816
0.9488581164806763
0.9931773804733351
3.9334450736627467e-07
9.392106512904874e-28
0.9990634388474227
0.9999390018604621
0.9992542781888194
1.8315342854473702e-11
