0.8940813639371995
0.026720053043694243
0.8023002877675631
0.8916834415990618
0.8198602362151834
0.7058950716131865
0.8042084053415872
0.8673902764337487
0.9529174875365674
0.07222450309031146
0.6098903471752852
0.8945161083049651
0.5455975453126704
0.8719310341963726
0.32210337514734183
0.75
1.0
0.9391200204731103
1.0
0.9146507076343248
0.9192673232355902
0.5059289782519472
1.0
0.7735565284970172
0.5557877418269073
0.8324990060669916
0.2887828767564408
0.9732116772491246
0.7028111703252795
0.7753038372554171
0.6530799794107818
0.7032031810513261
0.9412321676358877
0.5524076474431577
0.9760512400309616
0.9213752413692693
0.8456720483384186
0.31648358831070594
0.5688434568624574
0.6274976576698444
0.6011642413564946
0.5805444712388353
0.2619988939902226
0.9645752440476608
1.0
0.980032351942051
0.9691156976651861
0.8720967015678297
0.7871672542817285
1.0
0.6081567367410362
1.0
0.840993424192849
0.980976656443197
0.6953182871220995
0.8536123333915625
0.7094027529182311
0.569300666903577
0.905972004069571
0.45528492089664674
0.9079136973555868
0.7450299987240736
0.8201335923061854
0.16400729895852742
0.9881793081124057
0.8514822910373121
1.0
0.8218038532811066
0.8865733967982155
0.431652316867096
0.7854888992843726
0.6425990104611403
0.6766478623502588
0.8200015714642765
0.5121682331341573
0.6551403285344853
1.0
0.7033291738863059
0.8337785551090602
0.6309087182389874
0.518514065355891
0.9064608900880828
0.5717831215330854
0.8301757691408719
0.8542637643266342
0.7890666389576603
0.8005943499091018
0.7431411705060175
0.7921288974393217
0.11104711722037859
0.7402779086968009
0.5342689653461705
0.2820390753675486
0.9264805072732496
0.5947523030335011
0.7951914461703977
0.739025524154796
0.7741470670408642
0.8493076626813115
0.8949880976396458
0.7551219981872664
0.41543841367882717
0.898312532630511
0.75
0.9918579210579843
0.9538670208569596
1.0
0.75
0.8186957451758362
0.7203271036530609
0.45225102373376364
0.8737052642298605
0.916562521051522
0.49087271943024086
0.628758746300466
0.13112257201100042
1.0
1.0
1.0
0.75
0.8626898655595728
0.4683611079064052
1.0
0.5906661013384621
0.6808353180439384
0.9513904533640318
0.8248847795972574
0.8679313799065993
0.24220258758173258
0.6522601139563767
0.5973652702838484
0.8592954576007171
0.814516333889288
0.806336184726117
0.9556461146484417
0.8613391776399566
0.8647811734582349
0.8823299473601423
0.8625635460406911
0.6485993627697769
0.9256832964902555
1.0
0.75
0.3142601324794798
0.9832314188428051
0.9149538732032811
0.7988180627707054
0.6129204531815126
0.5353234606077546
0.5781806803920151
0.8532233975805745
1.0
0.7515253125257417
0.8702444195833031
0.8126294110123956
1.0
1.0
0.7747188628428145
0.5375710680202239
0.8587606746329887
0.6336617049376718
1.0
0.8775918400938706
0.9294586502991793
0.7749011502101948
0.6400418673538761
0.6414014498005511
0.9017818819407848
1.0
0.8996707225296452
0.6689854489812185
0.414329020476347
0.5289413232301854
0.8244738074103282
0.9092327768301214
0.8788952511544896
0.5119465297012609
1.0
1.0
0.6601152755357234
0.7612132349686493
0.95477952797779
0.8477175970897053
0.9329914965634307
0.6399514640230712
0.7661500703793506
0.5353951754367887
0.6809031711915345
1.0
0.9829526610378261
0.9723552323693859
0.770178967326053
0.8047283443337335
0.8515496369048379
0.8555754146077816
0.8750677126213522
0.86239025053592
1.0
1.0
1.0
0.87892066286299
0.8771024400340188
0.7678416004784004
1.0
0.7187577035825917
1.0
1.0
0.8484636265494047
0.6601863347882287
0.8355767822757958
0.9166535522451106
0.6045359536405999
0.8538721344404997
1.0
0.354384915950562
1.0
0.9465009919744144
1.0
0.9711126885525987
0.75
0.2961255494059406
0.8819866333478982
0.760912001329044
0.9044041493854225
0.9269980806713071
0.8566193586136397
0.3261660769478465
0.39142648309734707
0.7503448677016515
0.8761244807808519
1.0
0.48256186211083174
0.42615234284316755
0.5446335570686843
0.6575279341983483
0.862445045622005
0.2059129926321665
0.8622603026030307
0.6544190739533402
0.8652091930172799
0.21206181513442274
0.8478262961099678
0.9128465997201697
0.5978056517372206
1.0
1.0
0.9463827924769226
0.4305466786873198
0.9526439446056325
0.8668129077553566
0.6823459649597854
0.1682662170104275
0.974768733572596
0.2971400629371685
0.7619198891824747
0.5239425080548612
0.8849801314483421
0.75
0.6591181982574953
0.7684254605424186
1.0
0.8371911620598708
1.0
0.3990850932763159
0.9393406775109274
1.0
0.3388584694144092
0.47555056273357077
0.9403444714342364
0.6515822242595064
0.9073172986724473
0.5863091259377469
0.9445535767371166
0.75
0.4767114774094899
0.9732652360479763
1.0
0.6505008124825475
0.9337785310811546
0.7817391156904694
0.75
1.0
1.0
1.0
0.810130116217582
0.877308806390003
0.7736234689673346
0.8606273519513052
0.8640650713245741
1.0
0.4760553064777101
0.792853799988261
0.75
0.5299904817803204
0.6212853682555954
0.9042773495811616
1.0
0.7113766995342966
0.854614738806178
0.9768938691051623
0.7364510388796772
0.8442796482065763
0.9346332180883183
0.7637120809955029
1.0
0.23331553387096027
0.75
1.0
0.5836586168976285
1.0
0.75
1.0
0.9540906064577233
1.0
0.6415663011380017
0.8223528148296003
0.8574811688105735
0.965571183286767
0.8066583963913837
0.11713617884511093
0.9090127932588818
0.8554418352883885
0.7930628464530388
0.8599942275061766
0.7531855795402592
0.7676704441809556
0.4823872477054629
0.9240347067863679
1.0
0.11457734732719187
0.6114719947289755
0.8705273283725186
0.8653967550402686
1.0
0.7230693097742824
0.9056128321565876
1.0
0.9346058689507075
0.6458690520832693
0.4593347371703258
0.45762240565990997
0.04200833867828235
0.8251627013907029
0.7524516789921016
0.502412687322572
1.0
0.75
0.4670786050892922
0.8637953518651755
0.9432065166193851
0.8464976594671161
0.47422766260513793
0.8529553652483838
0.7383698883936693
0.8736756841009488
1.0
0.7802572346117886
1.0
1.0
0.8711388564474698
0.19947586975355114
0.7790941021646083
1.0
0.75
0.6837720508743141
0.8419354208171739
0.5231757536621029
1.0
0.75
0.5207310599488093
0.8745925219793054
1.0
0.5307673144506015
1.0
0.6255982709482169
1.0
0.7674218248690218
0.07300922745596486
0.9541756568577808
0.937534234297493
0.6888502177458468
0.8587600235790818
0.9065750720522302
0.6031912412797273
1.0
0.9374236305446996
0.8417903876920678
0.7463098856707735
0.8231631435481241
0.9786597489270303
0.8205387056468857
0.8564164828065113
1.0
0.6684722437728058
0.75
1.0
0.3065217668023837
0.9069897582412312
0.9615851832655751
0.8729551183918767
0.9052488215213825
1.0
0.8590392988392332
0.75
0.6500861987645566
0.38243634453457775
0.8644385288633754
1.0
1.0
0.6595544883717466
0.8481461535171292
1.0
0.7510044412895993
1.0
0.8478016826762423
0.8976807900650202
0.8404370570420017
0.863116669429977
0.7274816300210529
0.2128449530030409
0.9703778339003518
0.9481677349980642
0.47783847883102404
0.9484075877693163
0.5794410328899782
0.3347584913941471
0.9206706502715698
0.7321883218775717
0.5745745485064094
0.53369628593453
0.6521712679468548
0.38629750915907385
0.7775132305696534
0.5799676939392557
0.322805508262892
0.9332029944405882
0.763638666396776
0.4888568439670553
1.0
0.7700247672813673
0.7795146883375746
0.31334306788770094
0.7536999215291591
0.8506285616959668
1.0
0.8648776121172302
0.8835823817445019
0.0603390308829399
0.9485360069206327
0.6476925598477333
0.7372231597205918
0.7473268659913761
0.6958401673324441
0.7032557920161284
0.21150033835453305
0.9374949008681198
0.21920459489745953
0.7433866020247933
0.5455098489244921
0.8435200049879676
0.36436852944748804
0.9565623599221806
0.8665736025405549
0.9037816324062863
0.76559797652864
0.40545883152487566
0.8183164965162051
0.9873681902852036
1.0
0.7471414091026684
0.19514093933241844
0.7424465610085442
0.9128381016541698
0.5636267572125065
0.19134410173743444
0.6517295359335316
0.8638314071380371
0.9298991392168352
0.34652266806582016
0.4252805442090055
0.6635921999468647
0.9215087872174414
0.11454968613663935
0.8152912721170043
0.6535312020097522
1.0
0.8627822550946274
0.9297626380280393
0.5979218699097648
0.9310670684219431
0.6763176693668296
0.9641785230412196
0.40012372615622493
0.5379503253795427
1.0
0.4550544404957191
0.7255927817341834
0.1779626301100942
0.8124590660284745
0.7948852905123538
0.8500181094800074
1.0
0.730875377653749
0.7101530269519651
0.7285059545428001
0.7407049486056243
1.0
0.8876319995278046
0.3898270596499345
0.46655068719615533
1.0
0.75
0.9157547997765964
0.6701767677858133
0.8780333786535521
0.5429781587131005
1.0
0.7286434610436585
0.9163981862550641
0.9151374989311537
0.9051930828605501
0.4767738805106485
0.8431514612971753
0.40125631566610487
0.7781206291500706
0.7855674908507626
1.0
0.6969859300642856
0.9264249182914449
0.9801104740016346
0.8728464989131188
0.7800738243437534
0.820204045101919
0.7658880413683122
0.18012775884104654
0.9233921868369535
0.5734829459530939
0.8209653366620396
0.6143851172821746
0.9459672561202921
0.9551065331578719
0.4797423213866026
0.8103380746165413
0.5793817797252276
0.6188434568624575
0.8615195817303336
0.7636352542964221
0.3951021315062595
0.9068653898113013
0.667706559893033
0.7222861017078321
0.5503443991019192
0.6335578629984014
0.7923221006969481
1.0
0.8293556869699453
0.7138932553197646
0.8126792810914618
0.6896224639991531
0.9244058084035314
0.452270503133093
0.4472904172425852
0.8161026724533214
0.8060112897615921
0.7527899654079552
0.7603241399162395
0.8086048043315192
0.9301324507987234
0.7600910183082331
0.6060003319327761
1.0
1.0
0.8367395396810463
0.8023789118681015
0.44909258331904567
0.5744992628081651
0.8114435618438735
0.9127999482143441
0.9410087250283439
0.692071950289165
1.0
0.974387719823664
0.503926383270185
0.7062865775698399
0.548972179510331
1.0
0.8924621107674232
1.0
0.956594831199459
0.3652349916735903
0.4157629174089309
0.7898073668151944
0.7022736828002476
0.4712388184138232
0.8598559596427505
0.12409106124614117
1.0
0.663702712064268
0.64875023942467
0.877177040486617
0.7815748497397011
0.4641684367874815
0.75
0.8966549157456798
1.0
0.75
0.9214336635562845
0.9720869279836595
0.6992573758423983
0.32509425606684306
1.0
1.0
0.7932115298516403
0.8525426763692723
1.0
0.9714181963061841
0.4641565069424798
0.29347519176998704
0.8368153173271002
0.8022414240745656
0.7707476320209876
0.5175868278924262
0.9197009325596772
1.0
0.8108145185128658
0.929658241776977
0.8190399092879908
0.8174547778867137
0.8907882495287857
0.5767179887112407
0.8402569725385622
0.12179287214135001
0.8109541758838386
0.9810414025212499
0.5044756687750792
0.8687405831065234
0.9202729074596283
0.8520984654517717
0.44981966366531106
0.6878492067928658
0.7251214572528498
1.0
0.8871722719407791
0.8216833839172308
1.0
0.75
1.0
0.8764516869548853
0.9330416588135915
0.551722743300608
1.0
0.9047630820232155
0.8156673878301643
0.7409153121693025
0.6203105614154878
0.5235324933796899
1.0
0.9688936113657038
0.8323497540986111
0.7138014627390616
0.5760178236029552
1.0
0.8409417899173408
0.7805006769162343
0.8541174964154826
0.6493241855292315
0.17110496800138042
0.7953437254323803
0.8414949784365789
0.00826510394368762
0.7336720037100317
0.9078404488457095
0.6723644676330024
0.9097385227776462
0.40709354466838316
0.8178029027223794
1.0
0.043639309161517384
0.8880173232355902
0.5820613103333344
0.48483051761219714
0.8942485975721415
0.8062513281822886
0.9138394349344123
0.6991199140476726
0.75
0.7248989422825908
0.9095606330379766
0.9376284020198226
0.834399334930128
0.953250167571765
0.9648616305501778
0.9058293666164163
0.4230258829974067
0.27499417131386983
0.8763972959345685
0.655666409676986
0.9703351918648951
0.9173040445244396
0.24810533752404534
0.14967619185230585
0.6081150938937333
0.8934016989412142
0.71399310478929
0.13171633283574738
0.8664590931277872
1.0
0.9635139896586323
1.0
0.9114937950948756
1.0
0.7062524954360244
0.8125918111152655
0.5022807730825265
0.8952123336689652
0.9792146168262167
1.0
0.7941474962534929
0.8348987599950755
0.8882091582139151
1.0
1.0
0.8037002904015922
1.0
0.9381852221980427
0.9676702108997591
0.8343397663218136
0.40725143197242775
0.8187338785674553
0.8918509302624165
0.5373494289672011
1.0
0.3554651092495218
1.0
0.7910547255487962
1.0
0.07775765780570026
0.6991237116265995
0.6196540805758589
0.06048998985448889
0.9862059485708602
0.9055655729962299
0.41254767637004947
0.043848387035631535
0.8160403365106426
1.0
0.7627010712663058
1.0
0.286918103995605
0.8599454849208377
0.9039241763231906
0.7426297538961271
0.8952913284639267
0.9153487400983951
1.0
0.9519431950336613
0.8249250503515025
0.8177623672027114
0.9469517525843304
0.8933756775204853
0.522165813990576
0.5711720352248292
0.9374234151597969
0.791483956899893
0.6315073619348432
0.6293390993462357
0.7284024497489043
0.5630071524296025
0.5390612802100453
0.3172293612860114
0.9260247674648379
1.0
0.6294482345632113
0.9233327390136912
1.0
1.0
0.05926897915809619
0.8953265170114035
0.8900377779512543
0.429789975412476
0.5072644364248708
1.0
0.6178132862272451
0.9568287480359667
0.48962190080865303
0.8967818513476569
1.0
1.0
0.49777731116075685
1.0
0.75
0.9323751696834841
0.9399209453582231
0.3735779214491175
0.8725026026196478
0.16465117448903438
0.47053920767571367
0.8891601773953661
1.0
0.7849953340588317
0.5001886665515471
0.7597132410016877
0.7038626862857001
0.328816492048841
0.75
0.6487444845642748
0.5308889804825374
0.4236256864706316
0.9619853615244351
0.8015295615120287
1.0
0.8990939855884519
0.7498600901743521
0.29205688665034407
0.9341894172860274
0.6119305259334256
0.8882073370321009
0.5007061185105885
0.8769246836706344
0.3862904759322614
0.6166919864595156
0.8331017508450261
0.9011668445052425
0.642242872529579
0.905457189881035
0.2892369633171827
0.37689107294040886
0.9019117158057515
0.7184049844211579
0.8653887215027759
0.8744089462126801
0.6784254822798164
0.7060608096788836
0.9335460149177588
0.9165066673670481
0.7064129478135579
0.8953294766015253
0.9137658015700058
0.8718599102533792
0.8444360928657942
0.8911459199385454
0.8229223307731921
0.26404993022300893
0.49654526768742546
0.3909613830472446
0.5130643109094144
0.1766998051810893
0.8706750164536722
0.5200614985432093
0.6071439976570037
0.911279966957852
0.6893138009869957
0.928575372755393
0.48682385870050526
0.8489871327945081
0.8008585278345614
0.8166252358175745
0.5781134454061239
0.8153446899395865
0.75
0.44436882566916736
1.0
0.7308115020524
0.20936644760592366
0.981666866310006
1.0
0.7207105725284075
0.9768184067043815
0.5821281860420386
0.9261773499815948
0.962592938198003
0.8649081287391184
0.8838894929527755
0.41363569141278733
0.8388588013345631
0.6862340588853266
0.8465246961682601
0.4045888973599523
0.9130200590437609
0.5163651787608431
0.059530033926649066
0.7412189690393296
0.3330762999471142
0.7947004104263191
0.8933360226139572
0.47642823466227613
1.0
0.8662858684865947
0.5217618090180782
0.820973262673288
0.75
0.9038658221296321
0.6880323031154701
0.8768379222419403
0.8417650590037242
0.0571397994419655
0.1308356492647248
0.6553110315043597
0.950986971291143
0.9346000914665092
1.0
0.8045178359400414
0.8500064650077703
0.6337568860319119
0.5836473205821896
0.9226697201497516
0.07236919390330121
1.0
1.0
0.7183792500090986
0.6162330845437848
0.38351601012402853
1.0
1.0
1.0
0.9734645341133673
0.622107967128003
0.4786382544244522
0.9112193249356058
0.1072764370086621
0.8346660064861907
0.5956346632391925
0.8277187712578823
0.41745903890997854
0.9907479175153605
0.8188191064652842
0.6270941613721397
0.9581796742430422
0.9064836829733323
0.9722638496220717
0.33337129813632294
0.9827716695277393
0.7722713815748583
0.6445077087177089
0.8092050478443924
1.0
0.8386687481232868
1.0
0.3203949350869133
0.6061730181659402
0.9295977032065732
0.18310649877029206
0.4364956639201263
0.1386880772425353
1.0
0.5172460336360003
0.9012167996147507
0.843779318772997
1.0
0.5364997079347675
0.7150922033353273
0.37329319772853253
0.2447600170480233
0.2853576148664234
0.8075329846696477
0.633496409116038
0.593520661561267
1.0
0.8144661663003014
0.8324360049742274
1.0
0.6939098561817512
1.0
0.30583917360439317
0.9316473042103746
0.6856176249390807
0.9053899091295595
1.0
0.6705782999971865
0.8403594731107658
0.9683076773633585
0.9232057289498885
0.7733130902106269
1.0
0.7371809899654928
0.47935238600220437
0.6776644327756607
0.8462135972968138
0.7915964356548918
0.8627674853892573
0.8525640673732131
0.962453655835612
0.8656835122972528
0.6827799123193304
0.9187289719048319
0.46066771177649807
0.6164805666411388
0.8322216587822446
0.8325874836818922
0.9507068058490397
0.5071920735305587
0.9166318045184021
0.8424462229374001
0.7307668505813623
0.398719996082761
0.8297033216262655
0.8343081961920088
0.9367970708225403
0.39338922156651973
0.5545381326050473
0.5876069403503715
0.8532803212446582
1.0
0.7776288389867612
0.9546241200534065
0.8666850897531287
0.8345039692043648
0.8625777300742938
0.6842110236462853
0.7772821284478046
0.9798261336627121
0.865328497937697
0.9625908728857302
0.06509327769065448
0.19217433918584598
0.914568173455512
0.5949437922623872
0.8778186274201424
0.8490507687281502
0.7822577570888394
0.6460203053495497
1.0
0.7891082771629533
0.4364805639212073
0.6227876695263939
1.0
0.8088254246484654
1.0
0.409390665198027
1.0
0.75
0.8483416537090147
0.5544791295654501
0.7752697062987101
0.6068768031992579
0.814027781649028
0.8877433687080379
0.07475943241892616
0.9079475131152265
0.8151620263146676
0.7219844469781251
0.9491720434307414
0.6481150546562253
0.9109373710032376
0.5568069239245352
0.7514594600807758
0.8056053176801442
0.9220129622289351
0.6723190596030286
0.855505123221568
0.4535997958132494
0.5292074567000814
1.0
0.48144702183183974
0.3653147305337262
0.856297748489547
0.7326761911753382
0.4377035120050269
0.7561164860116941
0.6938847069359761
0.695525542520329
1.0
0.3421947363288729
0.9794705893212523
0.8986572225165091
0.5618999797635482
0.8491393301577291
0.391817719251347
1.0
0.7376013287644884
0.7898407593307006
0.8535210036555148
0.9709988669380654
0.973104728079166
0.8725623136659268
0.9066432568149391
0.9644339342006607
0.7605665147792967
0.6792969966377267
0.9081217959234402
0.5539067213255409
1.0
0.75
0.5456207489480742
0.8573802932723747
0.6747188374030284
0.46038373203236427
0.46697091449012756
0.8193679190176655
0.6333748874920614
0.9209824556142908
0.9035812666698635
0.5380484434083626
0.6525232101292717
0.7373199191046628
0.9483738250653098
0.5850364752328395
1.0
0.5984205369578057
0.8104439792018686
1.0
0.3284244236832029
0.7736253934449555
0.7516837424787073
1.0
0.8839685695432075
0.618520905340644
0.9091113022965112
0.7293438077933717
0.9609727655412121
0.9382481825165082
0.7764203494818661
0.8668488700371595
0.7322576531658447
0.6744068039277872
0.6717056781845521
0.513275120279404
0.6194975410351627
0.3191213989402024
0.8467220710494965
0.9367636264524735
0.9034965276569358
0.7425888861935791
0.8043024346989573
0.8805511788205409
0.6754803824758984
0.87660824254736
0.07975873817359015
1.0
1.0
0.879741240508509
0.9643369929345399
0.7533223672187057
0.393869253153069
1.0
0.6716890350478136
1.0
0.5190991952064317
0.8909487177264026
0.9748196888799808
0.06627484912239862
0.8232167973928803
0.6379757786357401
0.7473424877522883
0.9890612027002679
0.851696099266314
0.5890965072014905
0.9422779051037762
0.9133350909425538
0.7608537315641136
0.8121262603246766
0.6874203107991362
0.9372002676490037
1.0
0.779977546147537
0.4008050413541965
0.9661796765376377
0.7390887908497391
0.4262604480691704
1.0
0.9628412750063594
0.7280278085251018
0.5451745647994063
0.75
0.981900956142987
0.9104396420874257
0.9074622338432063
0.5143477842195665
0.5375353825361282
0.9194141425914735
0.7383509112291426
0.44822771027801733
0.8476257448859583
0.8099923973962413
1.0
0.6266482787252947
0.25132672552471613
0.511168982376428
0.262882933650751
1.0
0.9581499566627781
0.681691158705616
0.6496135851285835
0.9256064302640312
0.8854364429187884
0.5294624645345163
1.0
0.8496433599966109
0.13002211057078658
0.7106314930379207
0.9832809014834889
0.8983558782544995
0.9178974763609935
0.5444364954926946
0.8669146055605719
1.0
0.8827742077844123
0.7717876931350229
0.9369563632549583
0.9007520906510589
0.8399384148071235
0.2767854262341521
0.5519782405354151
0.4105737456214913
0.8568979109683256
0.6810953537401107
0.8421796013966004
0.8636981822462061
0.1497747764448683
1.0
0.6187400454825949
0.8797400347249349
0.8904926064987455
0.9709988669380654
0.8724100125916465
0.6659525847458596
0.5741842566648232
0.9004294224365403
0.8927488646904895
0.6632845810604716
0.3327901904269627
0.6823514154402892
0.5626663419533493
0.029481311158388635
0.692983503817653
0.49700661298775284
0.7784978786105431
0.8283303394058243
0.7682299365317863
0.6345600021612265
1.0
0.7203468345230211
1.0
1.0
0.6413239591152542
0.7446570217859552
1.0
0.6689371579270735
0.6436429183205339
0.75
0.6376628000872113
0.8964759301454337
0.6902413174542401
0.8991766538760202
0.9077751373554153
0.7353326871479852
1.0
0.8850107834055205
0.9962395302527262
0.8487461623415401
0.46103618092351883
0.5400055097273233
0.6002272822885798
1.0
0.8472858597734538
0.6395154385091206
0.75
0.45582768916819033
0.4779907264368741
0.75
0.29286423554888275
1.0
0.5818624535020561
0.39075130600209274
0.75
0.9112990159882424
0.9464155094938794
0.34232665594334905
0.8884395686605612
0.7017860490381881
0.8598842497663284
0.6122053670258069
0.8964408488186546
0.9216060020976249
0.9101380525885716
0.9304376178508367
0.46981463687894975
0.8162318149733081
1.0
0.8316393424877617
0.75
0.7366722742448333
0.793359261841644
0.9100015685709043
0.9659367517585835
0.6925904469428178
0.6940678003174104
0.8060235988829801
0.9551393196768448
1.0
0.8619786727148335
0.9828186285750703
0.6932690956533449
0.522699582806957
0.7209988669380654
0.580201902675457
0.9761243903408761
0.8276701376531882
0.8866306956845115
0.7135041836579543
0.8300418391744235
0.5881621853004788
0.4731729246994245
0.8478639800085138
0.9703778339003518
0.7892472178594151
0.4370825300212174
0.9151521284826712
0.8864592351838065
0.712728158471076
0.6145390882607077
0.30656650357254794
0.9149650544916976
0.5302889456814905
1.0
0.07493484234426649
0.5875622885497334
0.87065683803719
0.7106938182426986
1.0
0.75
0.8257276371298224
0.7739556762084567
0.6068960804643095
0.8847334550888721
0.9197670183861067
0.8962252760181915
0.2103922475445345
0.5541461080514335
0.5113758962999722
1.0
0.8325277787486467
1.0
0.9339214505446907
0.9688936113657038
0.44827784598813214
0.9422098594971833
0.3038183040985317
0.8391530883787082
1.0
0.8463048828164167
0.6985335286491914
1.0
0.03841619273838138
0.7739998350544234
0.9047290032811875
1.0
0.8159762479638991
0.7463888708013957
0.39061581190483496
0.3120743522968726
0.8643434473679567
0.21386199099767633
0.6030389908968743
0.9061956043310591
0.6573602566495907
0.8636114711146788
0.7550241522578667
0.6429849049246898
0.8509095268472846
0.408411945851904
0.9928870667552108
0.9337785310811546
0.7733007671184582
0.4848458503772851
0.8708633133409878
0.9178375394459202
0.7884125912894759
0.6786218808790042
0.0075950145835600264
0.2030185979219967
0.8547153238751646
0.5517229131278119
0.7205510785949077
0.9400123787404946
0.4779061308965213
0.75
1.0
0.618315330768334
0.8487446046358156
0.6974305103058023
0.9061592941578648
1.0
0.8807413443920178
0.6852902885471044
0.5437715249174094
0.49419098117373106
0.7231828306092276
1.0
0.9497618879564247
0.7159889823742822
0.9101748364266242
0.847625496108622
1.0
1.0
1.0
0.8846464151725523
0.6912896804474566
0.5107481553761299
0.8962872269893816
0.8521791725303383
0.30551733437383566
0.7962811895765279
0.6966825849945542
0.7240238219299122
0.75
1.0
0.9319477702866636
0.03768936852781059
0.007190292225138089
0.8326226553073554
0.4824483430787265
0.8716743596140076
1.0
0.9672495632142508
0.557658471366501
0.7744029658949838
0.8797913433056875
0.9952359130318926
0.8968264242685802
0.22550877503947805
1.0
0.9239499201613811
0.991287780536602
0.7353184588964828
1.0
0.906600636473438
0.8989189631929692
0.662671106048454
1.0
0.6153781019721833
0.6841887219540863
0.5096325472530123
1.0
0.5248136334421611
0.8807788423307131
0.7075416773030325
1.0
0.7748320924293519
0.6062460905251146
0.8532073751875624
0.7282416621248238
0.709241249203445
1.0
0.7862292761813638
0.9093117047155335
0.9238702155950145
0.8139453994416631
0.46160658067361315
0.7469187091103775
1.0
0.9122563384433702
0.8967600906688676
0.9087760700289448
0.9207658349686959
0.8972915084366215
0.7787295281590563
0.769335425266431
0.6499547582189318
0.33541586240546406
0.4458823379719109
1.0
0.3851592926925131
0.5488297451935324
0.8441962480233076
0.9049387313408591
0.3560060206672322
1.0
0.5358061331668718
0.8310042926356571
1.0
0.6442133006613167
0.5963843301263407
0.40638668204081013
0.8342486638064284
0.5352647827714464
0.07256751073012667
0.6986036527023387
0.2702673009711811
0.6071910609040249
0.8049969170510868
0.9830081544000386
1.0
0.7218165717891282
0.8400932645706436
0.2928710929489336
0.08704007782721859
0.524093926985503
1.0
0.5569727659711328
0.772082993541737
0.07087273318586323
0.19098238706216922
0.9558891869779689
0.8814671912311628
0.6689148912710906
0.2913704854728104
1.0
0.9382412702324732
0.5458996435009795
0.9119317993030095
0.7848813372195057
0.6701126249240045
0.7390033449445068
0.75
0.432866109768804
0.9686257293927362
0.42342303325109854
1.0
0.6987574544836177
0.7456779550749758
0.6998694895856963
1.0
1.0
0.11451346731211645
0.9088833881112729
0.8206951032209834
0.848284604305107
0.8837242370680579
0.7937033361837051
0.7174817913211436
0.7449212433878324
0.861037291248504
0.8698656226236957
0.9768344208824397
0.5974155767054826
0.9752132676502265
0.9379298106167886
0.9211756019278945
0.23257323195481355
0.5550628352662809
0.7733571902802913
0.9528924740606133
0.6726949124411719
0.8084244727281058
0.7813782716949678
0.9768034105524293
0.7080261351976145
0.9603709384785448
0.6017257935720243
0.7356425730248701
0.6996753309844168
1.0
0.39947883971801657
0.4865573952864499
0.9793876376422684
0.734348924568923
1.0
0.5483508657336482
0.8969111452776527
0.9469506108577923
0.7008196724585651
0.30545063876092365
0.75
0.6857906041987651
0.9141473909000283
0.6131436076065093
0.9382123429188084
0.7766189087796128
0.9020539972517466
0.12044345242312364
1.0
0.8860105391602295
0.8425501049866675
0.7811729187591188
0.9442125495302683
0.974455162548299
0.7231835948004948
0.8518751946169416
0.6274574205678645
0.3506383446623317
0.703676229052538
0.6135689233186278
0.8236487798614343
0.8277057112895965
0.7787541542754391
0.08181046763159626
1.0
0.7554785691870476
0.7835994443576582
0.42171971078498166
0.6364904838368746
0.6789603565162338
0.9752539148003966
1.0
0.8354675090357381
0.9186871750915987
0.9091181982574953
0.9022616787504268
0.9456073186812242
0.5711916740636206
0.6349748536818043
0.8258247345365738
1.0
0.48193867363700005
1.0
0.8433751727899719
0.5810231443957026
0.655969014289269
0.7609348692597284
1.0
0.9306455445274284
0.9245289231480115
0.08659377893621795
0.9220353886687811
0.03978499443549483
0.7144191100113748
1.0
0.9122930233988598
0.8926135128511269
0.3256147455981675
0.8378928526229072
0.8350100720214189
0.9241051336614017
0.9478940981265267
0.7438850871761389
0.6548831634531401
1.0
0.8398531923701842
0.7526535585786489
0.4551032572315395
0.5062588175456383
0.8078176965691323
0.7155470063351453
0.5066314088103876
0.6807951833966864
1.0
0.9004811493856318
0.649941289910589
0.6811024530870178
0.8033414009261223
0.881074594583384
1.0
0.7431320526769725
0.327318452702899
0.4153756664332313
0.7109632817764941
1.0
0.5013308597549058
1.0
1.0
0.7496505270326473
1.0
1.0
0.820951013659729
0.17291105968701032
0.5289967459326963
1.0
0.75
0.841881489492514
0.5423459857906157
0.5981043762118491
0.8619987093935004
0.8681934983956332
0.917375800731653
0.9690447307943268
0.7601258023817672
0.579719091220722
0.7685851505712407
0.9009870606522354
0.8808960306910194
0.884139627425176
0.8646842922019289
0.7516363785725487
0.8619147786003154
1.0
0.7941809058051619
0.8652995598752621
0.6383932389037003
0.3813354649459718
0.7226563841900471
0.469967710487123
1.0
0.5557115793868646
0.9585619808851353
0.5034139137768403
0.9175388133163703
0.5454992080878575
0.39989199604706416
0.7910760304866329
0.7355152350655841
0.9788763185862047
0.7189383415646592
0.7844289164993025
0.8495778065298857
0.8889917158378161
0.9051809614643849
0.5832837001985072
0.9340030520663402
0.75
0.75
0.7970559504595794
0.9143754472581269
0.5629602872769653
0.6336126257677167
0.6813677543194268
0.23148046156120616
0.693342163693552
0.7246608096864131
0.9622083714248773
0.4068401150584591
0.6977174497576494
0.7931858641565634
0.775160518499364
0.75
0.9626706921477303
1.0
0.8673021190452348
