0.8940813639371995
0.8940813639371995
0.7375504766391603
0.026720053043694243
0.02970208053111914
0.13159911488694465
0.6748035320982877
0.8023002877675631
0.6651285448119554
0.8916834415990618
0.9216708291310753
0.9281993915562018
0.8198602362151834
0.74159372567282
0.7167220901467956
0.8035271700773066
0.753875497343667
0.7058950716131865
0.8042084053415872
0.8208153181046174
0.8210050960653877
0.8673902764337487
0.8416452364073647
0.7746775217350914
0.9529174875365674
0.8760562188663455
0.9384303031714234
0.07222450309031146
0.3486662247511535
0.3495760102028983
0.6098903471752852
0.6143035608049484
0.6098903471752852
0.8945161083049651
0.8805328845700504
0.8805328845700504
0.5455975453126704
0.4828755995535936
0.37249205713360717
0.8719310341963726
0.9097322704614246
0.8689336106442263
0.32210337514734183
0.32210337514734183
0.3609011783357018
0.75
0.6968014785997979
0.6840104048772983
1.0
0.7575884658344078
0.9741362634512163
0.9391200204731103
0.9372179497807179
0.9335134946926861
0.3295688963979667
0.22933792032921707
0.4910218260864784
0.9146507076343248
0.8531906668049282
0.8484372008808219
0.9192673232355902
0.8904895508230761
0.9301823392471698
0.5059289782519472
0.9394984219530723
0.9332029944405882
1.0
1.0
0.8665771363242121
0.7735565284970172
0.4853898919137404
0.5446091792689074
0.5557877418269073
0.5557877418269073
0.23490143997181115
0.8324990060669916
0.7846554842361079
0.8195356457156227
0.2887828767564408
0.3193784789887901
0.3107636817456376
0.9732116772491246
0.8803346407582221
0.9425433639707791
0.6835804010945102
0.5400462312243062
0.6862895846208488
0.8862007273000576
0.8851922919752766
0.2641253716238521
0.6530799794107818
0.40760395149227174
0.6206292249238032
0.9765289735904896
0.7032031810513261
0.6810750476307347
0.9412321676358877
0.4694646017602865
0.9380769858250879
0.5524076474431577
0.5402281563516157
0.5480895661066376
0.9760512400309616
0.5954016724475035
0.8087161407212715
0.9213752413692693
1.0
0.9031574718326293
0.8456720483384186
0.8837785310811546
0.5900798046721761
0.31648358831070594
0.8780880299380792
0.5040703413952409
0.5688434568624574
0.5720844832072596
0.5170419709919529
0.6587008415798746
0.6558922542650545
0.4471120885484524
0.806540125753127
0.6011642413564946
0.806540125753127
0.5805444712388353
0.5805444712388353
0.5805444712388353
0.2619988939902226
0.8170971711326742
0.7330265090453172
0.9645752440476608
0.9895148199038528
1.0
1.0
0.9687529137441369
0.9813087510830094
0.980032351942051
0.8593023278227977
0.7938362151165047
0.9804793340288225
0.8395574601761376
0.7313088771892836
0.7533355437398652
0.8468625959903889
0.7534777253584723
0.7871672542817285
0.7871672542817285
0.7119938708954534
1.0
0.8052903797207893
0.9442036964762879
0.852648991588555
0.8870365866306716
0.8503569986976779
1.0
0.9076907240688903
0.8475203278626846
0.840993424192849
0.7566434738960902
0.6956118301248478
0.980976656443197
0.9229423767597325
0.9378172105472132
0.6953182871220995
0.7223455567093584
0.6954994837231184
0.8536123333915625
0.8536123333915625
1.0
0.7094027529182311
0.7094027529182311
0.6954855401800508
0.569300666903577
0.5069437966915851
0.3607281950227391
0.905972004069571
0.905971033338521
0.8987579679148545
0.45528492089664674
0.41630598327005963
0.408411945851904
0.9079136973555868
0.802381491488553
0.8865409650383793
0.7450299987240736
0.5818529820703671
0.37449745363631326
0.8201335923061854
0.7764362688086753
0.8175527639789183
0.16400729895852742
0.16400729895852742
0.16400729895852742
0.9881793081124057
0.9881793081124057
1.0
0.7749326874812899
0.7720784286380231
0.16517612185975755
1.0
0.8528441611563382
0.8656123911750426
0.8218038532811066
0.7617129967131269
0.8379673375696648
0.8979370331618518
0.8726230798024621
0.8726230798024621
0.431652316867096
0.3206143402366733
0.4485287459854273
0.7854888992843726
0.7949774325848485
0.7804081740842742
0.6425990104611403
0.6359527791865217
0.6360615717734893
0.6766478623502588
0.6013434694179176
0.6777191016275085
0.7479396320430751
0.6245321319175194
0.7983356873635377
0.75
0.565392159198036
0.006627434192123105
0.6551403285344853
0.38402157075636434
0.6771573006819271
1.0
1.0
0.28302531610614295
0.7033291738863059
0.7033291738863059
0.7033291738863059
0.8337785551090602
0.8309973979703813
0.8901269886906804
0.6309087182389874
0.4923691005074835
0.6216123274606455
0.518514065355891
0.5523767289988554
0.2867694219884057
0.9064608900880828
0.7843546084539882
0.7832030665403832
0.5304581498508837
0.5520504850156503
0.5612836547397396
0.8301757691408719
0.828496422203036
0.8336496459238595
0.8542637643266342
0.8542637643266342
0.9478582841545212
0.7890666389576603
0.6942455837962599
0.7334541828157112
0.8005943499091018
0.8687870876174058
0.7685816451079659
0.7452751985240526
0.745180413964873
0.7404058898416173
0.8113596666700909
0.8010628208040732
0.6927744841661769
0.11104711722037859
0.11104711722037859
0.2823960827552272
0.7402779086968009
1.0
0.7400044500317451
0.5342689653461705
0.5174281397313717
0.5174281397313717
0.5668597673759028
0.5668597673759028
0.5678984959730295
0.9264805072732496
0.78933447440866
0.7898746972849847
0.5947523030335011
0.5947523030335011
0.5927487440561898
0.7951914461703977
0.6544850604687229
0.703116144725748
0.7417659451070778
0.739025524154796
0.7305682013305614
0.7741470670408642
0.7499206314372218
0.16358022340233153
0.8493076626813115
0.8493076626813115
0.8320512508935549
0.8949880976396458
0.8761703980266805
0.7180117634198641
0.7551219981872664
0.7204683890376669
0.7558111397592304
0.41543841367882717
0.3680136040061457
0.41543841367882717
0.898312532630511
0.8932264597170692
0.9150062029560804
0.75
0.6416296315049471
0.6952010600763757
0.9918579210579843
0.9250901865746088
0.9569311272356162
0.9538670208569596
0.9891136649869037
0.9538633941065142
1.0
0.81264883551278
0.9831019067939042
0.75
0.681826860447585
0.6955107176739396
0.8186957451758362
0.8662196670148269
0.8186957451758362
0.7203271036530609
0.7220239239803355
0.6950564380915979
0.45225102373376364
0.611648714634981
0.5354092673806138
0.8774705289850003
0.8917993939445805
0.885610478644151
0.916562521051522
0.9038023720489217
0.916562521051522
0.49087271943024086
0.49760129265943137
0.44459382706398903
0.628758746300466
0.6921759296425469
0.6627863062405673
0.13112257201100042
0.1273666111125066
0.05333958170238845
1.0
0.5969356996545693
0.1433726371660211
1.0
0.9583562292440273
1.0
1.0
0.9750444815009729
0.8457984711850688
0.75
0.6579944676584312
0.6186714399989302
0.8626898655595728
0.8642645349644729
0.8611465387369456
0.4683611079064052
0.4441917760303227
0.4469449219382219
1.0
0.9629232564105353
0.9472982564105353
0.5906661013384621
0.5604642034155586
0.3822996917873396
0.6808353180439384
0.6744623076861246
0.6812730113811974
0.9513904533640318
0.8131187948664246
0.8192434430128938
0.8248847795972574
0.7798860255453665
0.7788678450982822
0.46287424048247183
0.46287424048247183
0.7090528893350991
0.24220258758173258
0.22929753288943927
0.23775092942194992
0.6522601139563767
0.6522601139563767
0.610684041053109
0.5973652702838484
0.5973652702838484
0.5973652702838484
0.8592954576007171
0.8625184744339668
0.779057884114863
0.814516333889288
1.0
0.7277046356195863
0.6700336333474843
0.7019670281380481
0.7113684907035547
0.9402780889166549
0.9402780889166549
0.8628483299007943
0.8613391776399566
0.08956684691225561
0.3780696361268805
0.8647811734582349
0.8647811734582349
0.8647811734582349
0.8823299473601423
0.6420969016697319
0.8644955891988018
0.8625635460406911
0.8064011676274774
0.8625635460406911
0.6485993627697769
0.6485993627697769
0.6485993627697769
0.9256832964902555
0.903065208480988
0.9778654563826417
1.0
0.9127243441303348
0.6809610374894917
0.75
0.6225124045368863
0.3676645983213225
0.3142601324794798
0.3142601324794798
0.3142601324794798
0.9832314188428051
0.9832314188428051
1.0
0.931219644044248
0.931219644044248
0.9283402515231796
0.7988180627707054
0.8375839167510305
0.7867944677018278
0.6129204531815126
0.643535051647779
0.5870622898068508
0.5353234606077546
0.5353234606077546
0.5638909363143318
0.5781806803920151
0.4898242662673497
0.5366014732042302
0.8532233975805745
0.8532233975805745
0.2563602443444857
1.0
0.9702242477364227
0.8346259328023916
0.642893391072169
0.6567822799610579
0.7010053683395938
0.8702444195833031
0.8740578907157924
0.871412902879576
0.8126294110123956
0.8146581768047552
0.7995648587962136
1.0
0.9791531243550113
0.909710782192684
1.0
0.9095372566630606
0.9264545498961433
0.7747188628428145
0.7906830302072749
0.752793512810118
0.5375710680202239
0.75
0.5375710680202239
0.8587606746329887
0.7593973770083501
0.781139740236079
0.6336617049376718
0.4495000426827467
0.47740168082466405
1.0
0.9564141656783193
0.989874054719141
0.5967712722547882
0.5712634093561679
0.5949635583294048
0.9294586502991793
0.6971333722060586
0.9295206272517075
0.7749011502101948
0.7962240487857546
0.6811511502101948
0.6188558909731219
0.6400418673538761
0.6379936572168237
0.6414014498005511
0.6414014498005511
0.6414014498005511
0.9017818819407848
0.9111819906724539
0.8760827708319026
1.0
0.9582585609090221
0.4152977633246613
0.8996707225296452
0.7640642341732061
0.8497541179822036
0.6689854489812185
0.5589889313093459
0.5643470316963024
0.414329020476347
0.6582199998531858
0.6571040222041383
0.5289413232301854
0.5318648195291966
0.24188112680399537
0.8244738074103282
0.8346855752382776
0.7442644045247342
0.9092327768301214
0.897877866351084
0.9092327768301214
0.8788952511544896
0.7885815316904607
0.24959525638707258
0.5119465297012609
0.5119465297012609
0.46530759348095996
1.0
0.9527999601908989
0.9186429816669919
1.0
0.9186395247551997
0.9370078951764325
0.6601152755357234
0.33500799150762933
0.505927943625927
0.7612132349686493
0.7646397198354189
0.7547243602544316
0.95477952797779
0.95477952797779
0.9418313052325098
0.7421959670153973
0.7141754178148418
0.5800366543550973
0.9329914965634307
0.9022034033471581
0.9022034033471581
0.6399514640230712
0.6399514640230712
0.6399514640230712
0.7661500703793506
0.7634241930175366
0.7665430890788917
0.5353951754367887
0.5353951754367887
0.6241397508984667
0.6809031711915345
0.5522963678877981
0.6250153759011433
1.0
0.6218435738621226
0.9550995820258739
0.8402244023005657
0.33066573404033683
0.7822266432887368
0.9723552323693859
0.9531853776169268
0.9580174108748389
0.770178967326053
0.805362984645031
0.8060527075502844
0.8163603442225525
0.8093648945246659
0.7520533006766785
0.6358690524779166
0.5043326997975016
0.7869100626968694
0.8818887838094172
0.8875255903067174
0.77986642124311
0.8750677126213522
0.9290093640252143
1.0
0.86239025053592
0.2897731401198145
0.2897731401198145
1.0
0.9435333996537194
0.9370624507051084
1.0
0.8524223056846545
0.9911569598411222
1.0
0.929636686854905
0.8907707962834159
0.87892066286299
0.8600038912318341
0.8770201826863508
0.8771024400340188
0.8771024400340188
0.8827492684147406
0.7678416004784004
0.7101639734090492
0.6408813663143436
1.0
0.985311092922688
0.5127675394003565
0.7187577035825917
0.720515902257825
0.766191317268588
1.0
0.9750655343692642
0.9750655343692642
1.0
0.9297481875949354
0.9663026259340294
0.8484636265494047
0.8484636265494047
0.7422981447672932
0.615064210667588
0.6076276490984924
0.051093798305437296
0.8355767822757958
1.0
0.6467689394965783
0.9166535522451106
0.686057816345611
0.8034113983549398
0.6045359536405999
0.6032631056468165
0.6032631056468165
0.8538721344404997
0.9272986186921331
0.9157395697763546
1.0
0.7932727816870124
0.9811807709096187
0.354384915950562
0.35545882615395374
0.354384915950562
1.0
0.972822463734691
0.9623407916942857
0.9465009919744144
0.9008389632456838
0.9606199747316724
1.0
0.9822811268552026
0.8836282217990675
0.9711126885525987
0.9164525234108143
0.9577587642444731
0.75
0.75
0.6640680614931151
0.2961255494059406
0.16297310071190135
0.2961255494059406
0.8819866333478982
0.8819866333478982
0.8453524797186672
0.8475730818689665
0.760912001329044
0.7165264677470269
0.9044041493854225
0.8983186796077077
0.8888411999983374
0.9269980806713071
0.8973994373208426
0.8907973671103229
0.8566193586136397
0.8688160880308469
0.711431643043222
0.9046406474921441
0.8216639185040104
0.8827646408256093
0.39142648309734707
0.41582949480538034
0.39142648309734707
0.7086782010349849
0.6746938727752658
0.7274231140919726
0.8761244807808519
0.8762260638105515
0.8268827104618406
1.0
0.94591474503229
0.96440868654009
0.48256186211083174
0.8252133883502218
0.8639122245202001
0.5023286064749071
0.3763226692235181
0.04695661628820749
0.5446335570686843
0.767528466167202
0.767528466167202
0.6575279341983483
0.5430149592230061
0.5430149592230061
0.862445045622005
0.8118274468706114
0.8596006348207264
0.2059129926321665
0.41303952192870264
0.40231938028966485
0.8622603026030307
0.852135859789724
0.8379705986769688
0.2003457860444689
0.2505442512314
0.24329752226493112
0.8652091930172799
0.8630220350759482
0.7736121802686156
0.21206181513442274
0.21588177694882804
0.38663629567882085
0.8478262961099678
0.8645449539730686
0.7697012961099678
0.9128465997201697
0.9659926393301281
0.9100682167433464
0.5255976660052418
0.1949053391319213
0.3558108080100162
1.0
0.9073323733584179
0.8294111710693581
1.0
0.5475552788521346
0.5320363335407406
0.9463827924769226
0.8232167379981321
0.9283090051765753
0.4318999460992854
0.4333341370316905
0.4305466786873198
0.9526439446056325
0.9526439446056325
0.9604241244632377
0.8668129077553566
0.8786455747248335
0.8653937180269092
0.6823459649597854
0.6544705467771634
0.5419389809177582
0.7237994145511518
0.7237994145511518
0.2136751453605869
0.974768733572596
0.27318224396722773
0.22072181514343203
0.28930438407209635
0.3958274845414212
0.0009256857007476703
0.7619198891824747
0.756664083471568
0.6654890029024807
0.5239425080548612
0.5491073062826602
0.49693414924458923
0.8849801314483421
0.890938375456962
1.0
0.75
0.47783847883102404
0.4429210167834434
0.6591181982574953
0.6591181982574953
0.6591181982574953
0.7684254605424186
0.69670401514235
0.7679061551276513
1.0
0.9795180874783332
0.9881862089081788
0.8371911620598708
0.5450258890063663
0.8328513374891419
1.0
0.8370759146403103
0.7819454556624604
0.3990850932763159
0.3616820110545021
0.3645089746188195
0.9393406775109274
0.8608831946816415
0.9317996298584471
1.0
0.9675981641954869
0.860684466813922
0.29243194944894246
0.2931079913363532
0.3388584694144092
0.47555056273357077
0.75
0.4557500310749352
0.9403444714342364
0.9403474860891978
0.904513807837298
0.7523473116311035
0.5781242343996041
0.6598508408852652
0.9073172986724473
0.9248302115962095
0.9137745983915128
0.5863091259377469
0.5874483488057385
0.9296280262254947
0.9445535767371166
0.9145830215367838
0.9448562054796815
0.75
0.6109158477344832
0.5436247679690034
0.4767114774094899
0.4036869032330708
0.0033556928732848294
0.3826832071449734
0.9009852867379717
0.9237125594652444
1.0
0.7521793408146952
0.9892590824739055
0.6505008124825475
0.6426315053785386
0.6216124707127715
0.9337785310811546
0.9337785310811546
0.8339043147749402
0.7817391156904694
0.7815816417488525
0.7817391156904694
0.75
0.7115952920801165
0.12492078815136357
1.0
1.0
0.7838006730653668
1.0
0.889892182515594
0.9541999081674825
1.0
0.922355232369386
0.9842038439917226
0.810130116217582
0.7456076483209428
0.6416902576157436
0.877308806390003
0.8718160438876705
0.8933134066775792
0.07866610623459487
0.13995863179107482
0.7736234689673346
0.8606273519513052
0.802959320087858
0.801891460378662
0.8564893137488165
0.8642941484308985
0.8541035496617784
1.0
0.5816186205085876
0.5476040956395747
0.4760553064777101
0.4760553064777101
0.4760553064777101
0.792853799988261
0.42833303739066686
0.792853799988261
0.75
0.6021344001020179
0.707651214775525
0.5299904817803204
0.7974153490424878
0.2426544162500761
0.6212853682555954
0.75
0.5935075904778176
0.9042773495811616
0.7983815892911643
0.7700283345315571
1.0
0.9479323763706694
0.959946949789459
0.7113766995342966
0.6000270584715085
0.585465938997214
0.854614738806178
0.8362419024849359
0.748645129948722
0.9768938691051623
1.0
0.9768938691051623
0.7364510388796772
0.7457328632575917
0.7726417426423214
0.8442796482065763
0.8442796482065763
0.8442568612311641
0.9346332180883183
0.7254252749571918
0.8569182349797757
0.7793370809955029
0.7667853451300572
0.759037149688643
1.0
0.7971773954054127
0.8695620120519676
0.43069838108529596
0.23331553387096027
0.20317497385044908
0.75
0.6954024132400927
0.48035238349159926
1.0
0.9577176796852691
0.9785510130186025
0.5836586168976285
0.1863182230824585
0.19277881584593876
1.0
0.9017878851092415
0.8581262051613593
0.75
0.4883000846762069
0.7245517847585005
1.0
0.9373417179959544
0.9316435005788091
0.9540906064577233
0.9413908228924197
1.0
0.9203490639271438
0.7357918424279729
0.7244891697311875
0.6415663011380017
0.6415663011380017
0.6416309243886693
0.8223528148296003
0.8312432482838824
0.8223528148296003
0.8574811688105735
0.8004119274399869
0.8817603316722026
0.965571183286767
0.8846768034032205
0.8494636986856616
0.8066583963913837
0.8066583963913837
0.7448466124673317
0.7665561429505654
0.7665561429505654
0.7892957423624547
0.8153998017203495
0.901233517750465
0.5906518296440033
0.8554418352883885
0.8531611528485062
0.7828374058293827
0.8019914178816102
0.6844052677920434
0.7484482321874076
0.8599942275061766
0.8599942275061766
0.8599942275061766
0.711615845462305
0.711615845462305
0.7280195749295721
0.7676704441809556
0.7677122106251388
0.7480396300264895
0.4823872477054629
0.4823872477054629
0.75
0.9240347067863679
0.9325683378534677
0.9663879869169221
1.0
0.9826904184719407
0.9910117798178933
0.11457734732719187
0.4815992965916708
0.49656891189134633
0.6114719947289755
0.7960658370734602
0.7927875875704176
0.8705273283725186
0.8316498141226893
0.8390116451495042
0.8653967550402686
0.849918306252335
0.7802492591530577
1.0
0.958473291581953
0.9887699154920944
0.7207849539635942
0.7486516141692074
0.7079612771051158
0.9056128321565876
0.795541687808449
0.8648666279637058
1.0
0.9200585941536117
0.9662081093925539
0.7807865388364603
0.4532458644918812
0.6902215659608613
0.6458690520832693
0.9649514877925466
0.6467959993775706
0.4593347371703258
0.46164647295657046
0.3288924539523571
0.45762240565990997
0.47891328073442174
0.46111227198876314
0.4085398925438599
0.01716665160213664
0.01716665160213664
0.6906692938014966
0.8024883791951806
0.8211478534529865
0.7524516789921016
0.8209802462464362
0.6442465697534068
0.6437493165786612
0.7055548917921276
0.7019428084976611
1.0
0.8070583481791559
0.9685782593936512
0.75
0.6655372362040111
0.6277301793136922
0.4670786050892922
0.44639227448206364
0.4691295235296412
0.7639622161290385
0.6644330980700657
0.7690021371343989
0.9432065166193851
0.9514690818049105
0.40085632194029963
0.9135441852407447
0.9135441852407447
0.29295500089614634
0.47422766260513793
0.47422766260513793
0.47422766260513793
0.8529553652483838
0.8513185840976892
0.778108663826665
0.7383698883936693
0.7413504545671358
0.7383698883936693
0.8736756841009488
0.8736756841009488
0.8679993576294092
1.0
0.8879777387985222
0.8636114711146788
0.7802572346117886
0.7459339590125433
0.34589346380181685
1.0
0.9827716695277394
0.7331197929455754
1.0
0.9297481875949354
0.8001226717680883
0.8711388564474698
0.8647311877975399
0.9110309228110468
0.16435174301400857
0.19947586975355114
0.21843874985331713
0.7790941021646083
0.7772293014490732
0.7772293014490732
1.0
0.9215826698612494
0.8787721298709068
0.75
0.49542346157942285
0.5889712787575703
0.6837720508743141
0.609762586680511
0.6893982552222221
0.6448363803310644
0.735437739772886
0.5021660110836518
0.5231757536621029
0.5231757536621029
0.5231757536621029
1.0
0.9346655756107218
0.9905235175839943
0.75
0.6520095030515778
0.6633864915185761
0.5207310599488093
0.5207310599488093
0.5207310599488093
0.8745925219793054
0.8366396749845642
0.8024728623788893
1.0
0.8571756291558164
0.9491317479921153
0.5307673144506015
0.5307673144506015
0.5307673144506015
1.0
0.6656750107138514
0.9639427706051048
0.6255982709482169
0.7090267250525577
0.33446061158599033
1.0
0.9023984449550237
0.9699103425321145
0.7674218248690218
0.7674218248690218
0.26284458137663386
0.07300922745596486
0.2785289968906261
0.2785289968906261
0.9541756568577808
0.9541756568577808
0.9541756568577808
0.937534234297493
0.937534234297493
0.937534234297493
0.8855386868255425
0.6888502177458468
0.7786693498168537
0.8587600235790818
0.8469153693591176
0.7820732627894593
0.9065750720522302
0.8936721075210806
0.9065750720522302
0.6031912412797273
0.617500375919921
0.606929071357013
1.0
0.6004352213355781
0.2844831220763474
0.9374236305446996
0.9374236305446996
0.8136177021178361
0.8417903876920678
0.7731901105995337
0.8315982734326743
0.7199940961970892
0.7199940961970892
0.6604527511005096
0.8231631435481241
0.8413834541720332
0.8049610688894202
0.9786597489270303
0.7114819386909541
0.9570711256809505
0.8205387056468857
0.8205387056468857
0.7416515908045077
0.8702107050802358
0.8564164828065113
0.8548367258488798
1.0
0.5943446515974479
0.6701895246346155
0.6684722437728058
0.6110766579451765
0.18090764613843371
0.75
0.5360050753471146
0.5804226041289935
1.0
0.9720415527249084
0.729660614240486
0.9500655343692642
0.3065217668023837
0.7340026578785457
0.9069897582412312
0.866148184222129
0.7790007014799547
0.9615851832655751
0.8085138252706431
0.8930923614615911
0.8729551183918767
1.0
0.7519803065404128
0.9112333991334114
0.9776896681531261
0.9102234706552212
1.0
0.902961959894477
0.902961959894477
0.8590392988392332
0.8329532103828013
0.8329532103828013
0.75
0.6695828832694563
0.5448539103327079
0.6040333237795977
0.7598593768733826
0.27932021433788107
0.38243634453457775
0.40469531930640584
0.40469531930640584
0.8644385288633754
0.871750781695503
0.8376633344640765
1.0
0.9671347689705043
0.9671347689705043
1.0
0.9742304173205658
0.9871042306163702
0.6595544883717466
0.6595544883717466
0.43493518837714595
0.8042590843522152
0.6109807099160598
0.6233211522162756
1.0
0.8473917874491093
0.91741196668112
0.7510044412895993
0.5086719911093827
0.7496339352323848
1.0
0.9365653785114136
0.48027848455451205
0.8478016826762423
0.7568500190390959
0.8274511489428316
0.7549093123674584
0.6228903545132336
0.16535984053840502
0.8404370570420017
0.8005191081131434
0.27414801376801773
0.863116669429977
0.8659109934477192
0.8287597464372052
0.7280506431447534
0.7274816300210529
0.7274816300210529
0.2128449530030409
0.1744017406142257
0.2100622020670273
0.7637419960673153
0.4736644543622318
0.12268377435118255
0.9481677349980642
0.7223649771648851
0.9437762290437294
0.47783847883102404
0.5119465297012609
0.45480843243196745
0.5966607712973625
0.5886828982528101
0.07206002437813222
0.5794410328899782
0.535432447867833
0.535432447867833
0.3651029505961945
0.3347584913941471
0.75
0.9206706502715698
0.8992642002904472
0.8998157173813635
0.7321883218775717
0.12301099743483407
0.6767498024593069
0.5745745485064094
0.6007741612181546
0.5752699745617386
0.53369628593453
0.5486130558930975
0.5348346686159562
0.6521712679468548
1.0
0.8127753917868041
0.38629750915907385
0.37558002572248567
0.38924154541449746
0.2234453946584405
0.6463588229391697
0.30723055161953355
0.5799676939392557
0.5684709250996365
0.5168314436788817
0.322805508262892
0.46805715819339566
0.4515031390122959
0.9332029944405882
0.8485926305428664
0.887325851302973
0.763638666396776
0.33046958395237475
0.744540143434754
0.8549239263354442
0.8549239263354442
0.6350477912156703
1.0
0.8160819572853525
0.9832288273441774
0.7700247672813673
0.6142675500916583
0.7759808889889447
0.7795146883375746
0.7795146883375746
0.7869326731573951
0.31334306788770094
0.3156125055802959
0.3156125055802959
0.7536999215291591
0.5721094247001547
0.5233132081071249
0.8506285616959668
0.7217723249174265
0.7371079825874916
1.0
0.9835857246014535
0.8540699628093108
0.3752423913156125
0.9078577734157371
0.8480024653015923
0.8835823817445019
0.6463644392791535
0.6177808840184451
0.051484190065727395
0.1543710516128633
0.0603390308829399
0.9485360069206327
1.0
0.9202938322694538
0.6476925598477333
0.4961931159497333
0.4961931159497333
0.7372231597205918
0.7154510629239308
0.7372231597205918
0.7473268659913761
0.6337855226342135
0.7965048053898075
0.6779830244753013
0.6601258816181584
0.657108012715865
0.7032557920161284
0.7032557920161284
0.7154130248299541
0.8090277057329762
0.7431128292709993
0.8066977168043026
0.9374949008681198
0.926139038303792
0.926139038303792
0.08903081868218807
0.22992994636007574
0.24193186762473223
0.7433866020247933
1.0
0.9693103723341395
0.5455098489244921
0.439407220987968
0.4144665063264635
0.8480995858461385
0.8530217818628116
0.8093442760563063
0.36436852944748804
0.36436852944748804
0.36436852944748804
0.9417930460717208
0.9565623599221806
0.9489407112650194
0.8665736025405549
0.8665736025405549
0.8149634160506379
0.06370173454551406
0.32982934576781675
0.06370173454551406
0.16779830818395478
0.16779830818395478
0.16779830818395478
0.40545883152487566
0.34666837897369357
0.2986715907069277
0.8183164965162051
0.8119658133746306
0.8119658133746306
0.9873681902852036
0.9873681902852036
0.7927148663809818
1.0
0.9870977636152091
0.9870977636152091
0.7471414091026684
0.7471414091026684
0.7471414091026684
0.19514093933241844
0.20249437792151165
0.21225778813507018
0.7424465610085442
1.0
0.7429856510141981
0.9128381016541698
0.8433622358049437
0.5397929434314594
0.8491068576657812
0.8471492096576896
0.7303648719686919
0.19134410173743444
0.19134410173743444
0.21014188763476402
0.6517295359335316
0.44994056685279227
0.44994056685279227
0.8638314071380371
0.9378826865860794
0.8902842515936994
0.9298991392168352
0.8812818113169092
0.9255501858539793
0.34652266806582016
0.34652266806582016
0.34652266806582016
0.4252805442090055
0.2844468707090475
0.5702632261083491
0.47001549764858364
0.6263476282809262
0.00489765790413867
0.9215087872174414
0.8988907479882224
0.8988907479882224
0.11454968613663935
0.15433558024745042
0.16440146152235663
0.8152912721170043
0.7370530133318831
0.7795677979262363
0.6535312020097522
0.6581053774441165
0.21941153725586876
1.0
0.988321794936136
0.8450415725781064
0.8627822550946274
0.8627822550946274
0.8600283229673281
0.9297626380280393
0.9420151689157439
0.9297626380280393
0.5979218699097648
0.5639512539585955
0.5368109365615413
0.8903013714368223
0.9222113597493774
0.8905173789313655
0.6763176693668296
0.6787346795170929
0.7005721976779731
0.9641785230412196
0.9269444138670663
0.8789204201372773
0.40012372615622493
0.3310791641393811
0.5413195705881624
0.6366975487982799
0.5450307126344216
0.6340546664810727
1.0
0.5054652765398238
0.5257721342848577
0.4550544404957191
0.4550544404957191
0.4533921478827453
0.7255927817341834
0.7360869382745854
0.7232966169174708
0.1779626301100942
0.2031409442923732
0.17329832013351962
0.8124590660284745
0.8287018209085252
0.8136757744310518
0.7948852905123538
0.8689876514516671
0.7599649804289614
0.8500181094800074
0.7873619599526502
0.848532315529547
1.0
0.9841974283224264
0.9841412511887215
0.37872607136481073
0.3933443659185103
0.3933443659185103
0.7101530269519651
0.6729388947949224
0.6717458213373967
0.47302045997695374
0.559972404584144
0.5206979805954264
0.7407049486056243
0.6694360448054035
0.4139320572256675
1.0
0.7937560296880747
0.9235572708993529
0.8876319995278046
0.8876319995278046
0.8876319995278046
0.3898270596499345
0.33015736766956477
0.3898270596499345
0.46655068719615533
0.4649150236997971
0.4682760991531364
1.0
0.9239934613332926
0.9239934613332926
0.75
0.670659560767509
0.02544386687664722
0.9157547997765964
0.8916601696689308
0.8834145362902952
0.6461409674070648
0.6510257033326246
0.6701767677858133
0.8780333786535521
0.8775272187677516
0.8748563376378224
0.5429781587131005
0.37289933918351337
0.3801648824472645
1.0
0.9840090714713878
0.9822087605143157
1.0
0.7218340579612605
0.7791840401280075
0.9163981862550641
0.8478447494480423
0.8593949575516043
0.9151374989311537
0.7688048255916881
1.0
0.9051930828605501
0.9093577258875851
0.8380766683608007
0.4767738805106485
0.4821483784338906
0.4821483784338906
0.8431514612971753
0.7583678676538945
0.09694281315306423
0.40125631566610487
0.3969824842069565
0.3718635562710624
0.7781206291500706
0.8301920988104531
0.8301920988104531
0.8178350922410841
0.7976475240750504
0.7855674908507626
1.0
0.9243911824901021
0.985727073084206
0.6969859300642856
0.6969859300642856
0.6901576922769594
0.9264249182914449
0.8787658803678637
0.9290790380670857
0.9801104740016346
0.8555614001431159
0.8003593917277306
0.8728464989131188
0.8728464989131188
0.8814045671775491
0.7800738243437534
0.73176602700343
0.602842604177443
0.820204045101919
0.8188292473146548
0.820204045101919
0.7658880413683122
0.5719077185482524
0.6729281898069324
0.763204938598906
0.8465612296988357
0.9746892192662753
0.9233921868369535
0.7373541017583687
0.8566772719906295
0.5734829459530939
0.5734829459530939
0.09818724552367675
0.8209653366620396
0.754734447847482
0.784240512643898
0.6143851172821746
0.6143851172821746
0.6143851172821746
0.9459672561202921
0.7899130836562641
0.9396815624130266
0.9551065331578719
0.9444207971198295
0.7886294245042703
0.4797423213866026
0.4070936432488699
0.3745743889320929
0.8103380746165413
0.7929842353953128
0.6704222931631356
0.5793817797252276
0.5736458050675615
0.5708656029724167
0.6188434568624575
0.75
0.5291150297256028
0.8168096687559718
0.62511411553109
0.6168066664582612
0.7522716179327857
0.5098347695029676
0.7566137600490959
0.3951021315062595
0.37330220447212137
0.37330220447212137
0.36160543944036055
0.2236278538955242
0.06574026560291552
0.667706559893033
0.667706559893033
0.6301834967272839
0.7222861017078321
0.7222861017078321
0.6889695833093188
0.5503443991019192
0.5198553360834242
0.1717662285342698
0.6335578629984014
0.75
0.6335578629984014
0.7923221006969481
0.8071052584008465
0.8029133076007309
1.0
0.9867233755766469
0.9393436459920281
0.8293556869699453
0.8882700838163213
0.796224120645388
0.7138932553197646
0.5662266819952926
0.8197142933876647
0.5847506868581743
0.5847506868581743
0.5932791019811864
0.6896224639991531
0.6942808126500395
0.6969988210333948
0.9244058084035314
0.9046210739993965
0.9046210739993965
0.452270503133093
0.41840473662990585
0.4392380699632392
0.4472904172425852
0.47092108817769307
0.3198322135683268
0.6278578826768898
0.848284604305107
0.8454911905768714
0.8060112897615921
0.5385187177017033
0.8016470710409275
0.7527899654079552
0.34266737753484255
0.27793566028552463
0.8689517781453895
0.7456182575632982
0.7603241399162395
0.412598722015847
0.7114601834645738
0.6952523775451032
0.9301324507987234
0.9154246809877851
1.0
0.7600910183082331
0.6139977773198534
0.7416731108701015
0.5881431890756332
0.6026563911301724
0.5847992482730295
1.0
0.6376357100505511
1.0
1.0
0.9083279527737519
0.907575011590896
0.6683067062162544
0.7517009378535604
0.6865586798959055
0.8023789118681015
0.8667235100005354
0.806740334079735
0.44909258331904567
0.4424094124867278
0.41543474637498456
0.5365286332418949
0.5529334874659979
0.24787063453758434
0.7346357925565312
0.6681781623010817
0.2591172953524087
0.7252826682623947
0.7569084101998936
0.9085185298951366
0.758867779212724
0.6369255492090224
0.8392064531478277
0.692071950289165
0.7671841301282785
0.7018753993481426
1.0
0.9660898620910937
0.9650402126619846
0.974387719823664
0.8327663589149779
0.8327663589149779
0.503926383270185
0.50181764680975
0.5308889804825374
0.7062865775698399
0.502997595046924
0.8937917352842141
0.548972179510331
0.5599215855401757
0.548972179510331
1.0
0.6835439082166284
0.9335439082166284
0.8924621107674232
0.7844381413043375
0.8631938701383011
1.0
0.838262217544386
0.4876454242257183
0.956594831199459
1.0
0.9178131456177845
0.3652349916735903
0.4285117421660657
0.409522964454286
0.36083374270111257
0.36083374270111257
0.3224262056581818
0.7898073668151944
0.823363804725233
0.7871335158789323
0.7022736828002476
0.8477234679882599
0.8677121674210495
0.4712388184138232
0.4763963796302662
0.4954250724253512
0.8598559596427505
0.6609866296985422
0.6685001538552673
0.12409106124614117
0.10195279687451952
0.06273539112912267
0.8562233875784084
0.8662867101431443
0.8168512860044933
0.663702712064268
0.663702712064268
0.6698961608675242
0.64875023942467
0.2401081967179573
0.2696786949193809
0.877177040486617
0.6903880440456605
0.877177040486617
0.7815748497397011
0.7506016716538955
0.7815748497397011
0.5798659650721162
0.5798659650721162
0.47898746264380787
0.75
0.6634005009024612
0.6634005009024612
0.8966549157456798
0.9108144647629102
0.853670416794311
1.0
0.9623196258166046
0.6059167407303525
0.75
0.660369491873078
0.6279940737003348
0.9214336635562845
0.7409944972436966
1.0
0.9720869279836595
0.9268042329017634
0.96424546260184
0.6992573758423983
0.6992573758423983
0.41343555596808623
0.32509425606684306
0.2557676594331878
0.25898268462434015
1.0
0.9930460372686649
0.8310808046643239
1.0
1.0
0.9250659145763988
0.6997781953795629
0.3578013322276302
0.3240378977277191
0.8525426763692723
0.9526725403383972
0.844317400914182
1.0
0.8624370316774606
0.9478929638334799
0.9714181963061841
0.961230303062266
0.9089304581875922
0.4641565069424798
0.5290988497525536
0.10642147990894213
0.5213508589517781
0.5458477601371478
0.5279469124429944
0.8858965663350187
0.8833311610297281
0.6715185283729544
0.8022414240745656
0.9088006730653668
0.7115903319929394
0.7707476320209876
0.9890471830113169
0.7167377505878698
0.518662718061481
0.518662718061481
0.0017924487983115634
0.9197009325596772
0.9177312901079273
0.8965475066443309
1.0
0.9352942540077539
0.986809985416233
0.8108145185128658
0.7704033320497338
0.8120699987164004
0.929658241776977
0.9048762198911651
0.8820690317654007
0.8190399092879908
0.8035793635093333
0.8197646577920599
0.8174547778867137
1.0
0.9015281377486086
0.8907882495287857
0.8993416325235695
0.8993416325235695
0.541003702996955
0.49771094822277384
0.541003702996955
0.8402569725385622
0.82464814417354
0.82464814417354
0.12179287214135001
0.7593151207927799
0.8774785743488682
0.8109541758838386
0.7604049875177603
0.7869000977084466
0.9810414025212499
1.0
0.9810414025212499
0.5044756687750792
0.4021389668693544
0.5131665920021357
0.8687405831065234
0.764149084965905
0.7216997700296188
0.9202729074596283
0.8823197384342688
0.9179366493600064
0.8520984654517717
0.8369519421812512
0.821659042423927
0.44981966366531106
0.8976503456862265
0.7385220949246252
0.6878492067928658
0.6971084660521251
0.6883427415245182
0.6143503932698091
0.34357720316186335
0.294604536152817
1.0
0.9194670821922537
0.9485661625562816
0.8871722719407791
0.8871722719407791
0.817240432233799
0.762265741756197
0.8358256756341893
1.0
1.0
0.9052081138664831
0.9052081138664831
0.75
0.24132808162730207
0.27207783780945516
1.0
0.8123048628345445
0.8652727195626255
0.8764516869548853
0.8525749321638243
0.8395761727091703
0.9330416588135915
0.7151436129416178
0.9094467024574283
0.551722743300608
0.551722743300608
0.5400472452532371
1.0
0.927790793701639
0.9808210967319421
0.9047630820232155
0.8962684429414582
0.8947021418109109
0.8156673878301643
0.8851369457343529
0.7804044894377629
0.7409153121693025
0.7593050978413283
0.7409153121693025
0.6203105614154878
0.5437347326195158
0.5744830585585387
0.5235324933796899
0.506425947874753
0.5244208190581355
1.0
0.8085439082166284
0.8293772415499617
0.9688936113657038
0.9688936113657038
0.9688936113657038
0.8323497540986111
0.7157402274807863
0.8035302805499748
0.7138014627390616
0.7087509514427994
0.7575541219956659
0.5760178236029552
0.26332977941922003
0.4169408083939632
1.0
0.7124715537408632
0.9626080298910753
0.8409417899173408
0.8409417899173408
0.8409417899173408
0.7805006769162343
0.7600769640101023
0.7771063533733702
0.8541174964154826
0.8303901872336682
0.8288962067808484
0.6215464077514538
0.6215464077514538
0.6215786241011994
0.1017955854139018
0.1580641776062779
0.1580641776062779
0.7953437254323803
0.7636997214200453
0.7596294397180946
0.8226382500313143
0.8725368949350443
0.719814915975318
0.3794159962953958
0.3794159962953958
0.3702031722777183
0.7336720037100317
0.5600175300446698
0.5203566032472087
0.9078404488457095
0.8607969169755366
0.9078404488457095
0.6723644676330024
0.6821637087002822
0.6723644676330024
0.9097385227776462
0.9174297896151585
0.9097385227776462
0.40709354466838316
0.80731860431444
0.3401411589465443
0.8458244238963909
0.5347389705954833
0.4189909329903547
1.0
0.9589530109290143
0.9623070203212044
0.043639309161517384
0.08539177622016501
0.08540940003880124
0.8880173232355902
0.7005770176438637
0.8880080505570033
0.4869477741267204
0.5246972876177781
0.5820613103333344
0.48483051761219714
0.4700312699708428
0.09184526256595371
0.42498065433877585
0.7979521143564445
0.12151341158758025
0.8062513281822886
0.7727514021783413
0.7727514021783413
0.6045892593227519
0.747992602725691
0.4440718753000782
0.7089137110266139
0.7062816514111205
0.6991199140476726
0.75
0.3999882386701682
0.5220278841516303
0.7248989422825908
0.7978335794624996
0.1386652422884209
0.9095606330379766
0.888624441799107
0.888624441799107
0.9288367652968004
0.9403697090195282
0.9202122189388198
0.834399334930128
0.7033109246282475
0.8264185433492781
0.953250167571765
0.7949753177010154
0.7294531678015702
0.713878295297524
0.7493817299208156
0.9033187329045109
0.9205352489693575
0.2582659818016548
0.9082081054566102
0.4230258829974067
0.41132116003790076
0.5048743032689991
0.27499417131386983
0.4335242249988541
0.33999014701716157
0.8763972959345685
0.9376380217896262
0.8802410291886111
0.655666409676986
0.309995429239891
0.3114578449129275
0.9703351918648951
0.9396552745212283
0.9016782143813878
0.9173040445244396
1.0
0.9132268326888469
0.24810533752404534
0.2009463106658043
0.21407328811590148
0.14967619185230585
0.8377824167185561
0.8377824167185561
0.5853878211664606
0.5943050090460085
0.6088033143433766
0.8934016989412142
0.8394852460379406
0.8894106002243253
0.71399310478929
0.7114656664889759
0.6466702639723935
0.13171633283574738
0.13171633283574738
0.13171633283574738
0.8664590931277872
0.8664590931277872
0.835186282781828
0.9197657993089071
0.8908717154331253
0.9616026898473454
0.9635139896586323
1.0
0.904312872375354
1.0
0.875134785121796
0.661725389994703
0.9114937950948756
0.9114937950948756
0.9089505656308785
1.0
0.8121146262193786
0.9493439242539181
0.7062524954360244
0.704151347062184
0.704151347062184
0.8125918111152655
0.8201776798276031
0.8437701745094353
0.5022807730825265
0.75
0.3859717571277864
0.8952123336689652
0.8493382714843118
0.8116346624806714
0.9792146168262167
0.9437555592536371
0.9435761240006546
1.0
0.8540431648449831
0.9857877927060881
0.7941474962534929
0.38058851683597644
0.5253085681345884
0.8348987599950755
0.7162945561142767
0.7671704371585201
0.8882091582139151
1.0
0.9549730768149712
1.0
0.6519405488325348
0.5535269312970705
1.0
0.9166070135140041
0.9000655343692643
0.8037002904015922
0.4330057103854569
0.7168679924505661
1.0
0.9918799461723448
0.991918693302452
0.9792669373770291
0.9381852221980427
0.0006939578354714091
0.9676702108997591
0.8608423941930468
0.7820598278900485
0.8343397663218136
0.832207628083097
0.7977589404761696
0.40725143197242775
0.36353590227579186
0.0015496782915282467
0.8187338785674553
0.7955056613731383
0.723171587532269
0.5886191491664335
0.38405536692483383
0.38405536692483383
0.5373494289672011
0.7437115770599534
0.6320902121151957
1.0
0.8409417899173408
0.9571936806238024
0.6750787049940645
0.5986563481834681
0.43241960779233135
1.0
0.9625897860111226
0.8564232631615734
0.7910547255487962
0.9631728873809561
0.8979986139644814
1.0
0.9081834035208115
0.30414069318111353
0.07775765780570026
0.07775765780570026
0.07775765780570026
0.6991237116265995
0.6567125614478062
0.6567125614478062
0.6196540805758589
0.6078659491570471
0.6789261738247374
0.06048998985448889
0.06285346269744643
0.06285346269744643
0.9862059485708602
0.9642967997643058
0.9862059485708602
0.733925301967045
0.5590826503358384
0.7767516874715863
0.41254767637004947
0.4115469985958361
0.41254767637004947
0.9113681092756099
0.5890836167719071
0.5480950737975765
0.8160403365106426
0.7948906986629396
0.7540445551910714
1.0
0.9712290967646898
0.9712290967646898
0.7627010712663058
0.6096666691029766
0.7113190646206844
1.0
0.4531100403987466
0.9599078648843334
0.286918103995605
0.4294119282316001
0.5411925723745594
0.8599454849208377
0.8202841933584466
0.7385998521977521
0.9039241763231906
0.8984937920003028
0.89358194002941
0.7426297538961271
0.5248523328026993
0.006928552864101689
0.7170159351688101
0.9468634431751742
0.717150169371688
0.9153487400983951
0.9629202041379032
0.8958559590531268
0.9430077337663798
0.7733018667832876
0.9342542323658196
0.9519431950336613
0.8203402991936917
0.8971490141824134
0.8249250503515025
0.8274985741908707
0.7871907921605508
0.8177623672027114
0.8155135729637986
0.8281976846213348
0.9469517525843304
0.899436209891965
0.9197478021870327
0.8933756775204853
0.8853287060810263
0.8933756775204853
0.522165813990576
0.5824449473628608
0.5101503626529384
0.5711720352248292
0.7127154700091488
0.7162484853893213
0.9132706599374365
0.7776897540622011
0.9098681154290795
0.791483956899893
0.791483956899893
0.791483956899893
0.5815073619348432
0.6899724449033553
0.7370208896599271
0.6293390993462357
0.8385768061840888
0.6613902714988218
0.7284024497489043
0.7381865967345712
0.578918722223933
0.5630071524296025
0.6616662111554042
0.5666792175462718
0.5390612802100453
0.6004916211577288
0.5217905669184048
0.3172293612860114
0.29642846245496235
0.11823223322474072
0.9167287256466556
0.7602548403092877
0.9033276930015314
0.8454594398978881
0.847548455758957
0.9389459902533518
0.5183457742007985
0.5082142143835202
0.6294482345632113
0.9233327390136912
0.7797318787854665
0.7565329841094607
1.0
0.30824456903443903
0.968481593114698
1.0
0.8708542975153604
0.8546014383191095
0.05926897915809619
0.07794813229147979
0.07794813229147979
0.8953265170114035
0.7153206085267048
0.8647709948454174
0.8900377779512543
0.530467199327265
0.5361658813695105
0.429789975412476
0.42840516329142925
0.005855103793797585
0.5072644364248708
0.5006113346113454
0.4913735865114966
1.0
0.9305139247800795
0.9337438989402863
0.6178132862272451
0.549506328131682
0.6178132862272451
0.9568287480359667
0.9568287480359667
1.0
0.48962190080865303
0.43269062682415155
0.40567402095864286
0.530715870317191
0.5773396477069718
0.6933594817769613
1.0
0.9752523104300957
0.9752523104300957
1.0
0.9103383932335917
0.9904043798151021
0.49777731116075685
0.6788395042084765
0.41767207208306323
1.0
0.8726810807658364
0.8991066631067188
0.75
0.4730507983378381
0.019586487505622384
0.8627963285663862
0.9288792901552068
0.9303623760728326
0.9399209453582231
0.9399209453582231
0.8965399109367476
0.3735779214491175
0.22947631716941352
0.09337723145476476
0.8725026026196478
0.9762039407134605
0.8725026026196478
0.16465117448903438
0.16465117448903438
0.16465117448903438
0.47053920767571367
0.47053920767571367
0.49992323950484086
0.8891601773953661
0.7494914804759478
0.7449228362368832
1.0
0.9783662902073494
0.9177992276200794
0.7849953340588317
0.8380354578744832
0.7674748788155326
0.4724108887737694
0.4786245988839457
0.47369903437809213
0.7597132410016877
0.7617323746671759
0.7511937107209247
0.7038626862857001
0.7440128538749057
0.7019584847248669
0.328816492048841
0.3299110123898391
0.8013702036367463
0.75
0.4693682333944016
0.7156020689174606
0.6487444845642748
0.6407676981261031
0.30870287972697147
0.5308889804825374
0.5308889804825374
0.5720844832072596
0.4236256864706316
0.3936254303306819
0.41515953900469604
0.9619853615244351
0.9324934969184954
0.9526495969945409
0.8011679709867116
0.610490632059977
0.6334161957789187
1.0
0.9723503091674975
0.9059339115253053
0.8990939855884519
0.907701284313594
0.1985296381881127
0.43286329647694755
0.9404565134289753
0.870367668565858
0.29205688665034407
0.2767246082400641
0.2652598733884404
0.8465884335459227
0.705800276205637
0.27392239600753465
0.6369834961241886
0.6219183669667778
0.6142562233969158
0.8882073370321009
0.8882073370321009
0.839750155525939
0.5007061185105885
0.4885449759076732
0.4915693531231026
0.8769246836706344
0.6544189195352048
0.6539283125587306
0.7997854007434122
0.3862904759322614
0.8075713686238221
0.6166919864595156
0.5973255036288054
0.693664280549237
0.8092922270355023
0.8476528745054328
0.7627427287651727
0.9011668445052425
0.8386668445052425
0.786590815835588
0.642242872529579
0.6450291407134092
0.6746429852853303
0.9246879591118042
0.9246879591118042
0.8560666106377338
0.4639547534363243
0.2892369633171827
0.48090592745872723
0.717223235479013
0.7002711954049993
0.59094523722909
0.9019117158057515
0.8682269271246444
0.8965582857229658
0.7184049844211579
0.7325051507180121
0.7080901654214024
0.8653887215027759
0.5605904503364758
0.7579682531420489
0.8744089462126801
0.8835703402639625
0.8926823945843597
0.6784254822798164
0.6836993196879879
0.6837446312159865
0.7060608096788836
0.563581331986092
0.7067186288431224
0.9335460149177588
0.9304087742659325
0.9304087742659325
0.9165066673670481
0.8988997977427354
0.5991122962160749
0.6947732953584822
0.7184604392938088
0.46040315106867646
0.8953294766015253
0.8815409703003538
0.8338863199440774
0.9137658015700058
0.9137658015700058
0.7262598559743714
0.8718599102533792
0.900510988286225
0.8977602200177464
0.58940622456091
0.8622353620780969
0.8281070726044127
0.9058518022914867
0.7919719381026673
0.8197883631919155
0.8229223307731921
0.7652335273719865
0.9668889292897802
0.2807165968896756
0.2867682775541116
0.28223717639675105
0.49654526768742546
0.4665309416611763
0.4665309416611763
0.41050533475328643
0.41050533475328643
0.41050533475328643
0.5130643109094144
0.4958526711428951
0.4959148871610457
0.1766998051810893
0.1932442376267844
0.24110370771182635
0.8706750164536722
0.8626769350062147
0.8546801266605826
0.5289900699717808
0.4904642469270033
0.5057742089084181
0.6071439976570037
0.75
0.37186776451360104
0.911279966957852
0.911279966957852
0.911279966957852
0.6893138009869957
0.6893138009869957
0.5770115908294258
0.928575372755393
1.0
0.9283555688727396
0.40767768090159423
0.39177447825276407
0.3024640816292373
0.8496859900825375
0.2022834719620799
0.2032313262629804
0.8008585278345614
0.7936697575547014
0.8034442071668699
0.633077182302928
0.8510390758385233
0.8278264307018743
0.5781134454061239
0.5346762925455749
0.5395334050452051
0.8153446899395865
0.8909776996532566
0.7948326412447788
0.75
0.4694137986804252
0.5393194362486519
0.44436882566916736
0.5546901817877689
0.4878300454610412
1.0
0.9873843707630354
0.9717593707630354
0.8677230181014257
0.953809518532115
0.7103602993384779
0.20936644760592366
0.20936644760592366
0.2123388378177158
0.9721241824746163
0.981666866310006
0.7837137286267274
1.0
0.7984939121157967
0.9050495567887695
0.7207105725284075
0.7287594565321115
0.7185539668961084
0.9768184067043815
1.0
0.9918785632606111
0.2781015067802836
0.5821281860420386
0.5821281860420386
0.6116850398784287
0.3240226444083093
0.48620223052413925
0.962592938198003
0.962592938198003
0.7925054984482501
0.8649081287391184
0.8379701095463226
0.606722176933546
0.8838894929527755
0.8673017495817739
0.5434868749985227
0.41363569141278733
0.387130143019923
0.42134886554676576
0.8388588013345631
0.7787022128704987
0.7787022128704987
0.6862340588853266
0.7097263039810209
0.6942645669600573
0.8465246961682601
0.8558456426782511
0.8730106822215431
0.5247470667968747
0.4045888973599523
0.4045888973599523
0.9130200590437609
0.8856273541406869
0.9281750571094805
0.49751036097456103
0.502217883916519
0.5037780259683005
0.059530033926649066
0.1767806051041249
0.16755713328985739
0.7412189690393296
0.52630181280185
0.5690195835130402
0.3330762999471142
0.33634003186120964
0.3333111016761101
0.7947004104263191
0.7514452729517522
0.7514452729517522
0.8933360226139572
0.8801736069236905
0.8801736069236905
0.47642823466227613
0.47642823466227613
0.8310141386921754
1.0
0.9683228344814001
1.0
0.8662858684865947
0.8378750018153331
0.8298885034750668
0.5217618090180782
0.4667222999655882
0.4559177825558054
0.820973262673288
0.820973262673288
0.820973262673288
0.75
0.5437122195522734
0.5547481875949354
0.9038658221296321
0.7919359444123072
0.7708663693003883
0.6880323031154701
0.9491826383167934
0.6765480537144082
0.8171956499594533
0.759053740287635
0.7861440518211902
0.8415270355917368
0.8417650590037242
0.7558600197862448
0.0571397994419655
0.14708280705812077
0.14708280705812077
0.1308356492647248
0.9271076988641065
0.8397114724272252
0.6553110315043597
0.6786214044078533
0.6940640434635353
0.950986971291143
0.9383169456763276
0.9012307214767576
0.9647305357297662
0.9408304069504514
1.0
1.0
0.9419868504250841
0.983961404763301
0.8045178359400414
0.7876669477503272
0.8045178359400414
0.8500064650077703
0.799706362837828
0.675015006130181
0.6337568860319119
0.6878253874845509
0.6988747763391839
0.6234474736131272
0.6081106395894982
0.6309778639494651
0.9226697201497516
0.9226697201497516
0.8762500424098733
0.8996808787046586
0.1841878300462379
0.1842052638488449
1.0
0.9040343054522784
1.0
0.7735272837443495
0.9169450146707124
0.5647994143246104
0.9103122214370414
0.89186951391796
0.866252602276226
0.6162330845437848
0.5862434559209274
0.6255820770472962
0.894091757793977
0.894091757793977
0.5865639769101895
1.0
0.9725787390722612
0.8664211184732973
1.0
0.9672599272882276
0.6759062753657197
1.0
0.9207219177438171
0.9258121769057198
0.9734645341133673
0.7583994575386948
0.6785058302936624
0.622107967128003
0.6208732725793946
0.5127321270016254
0.4786382544244522
0.5059898753065222
0.534619111458056
0.9112193249356058
1.0
0.9111908248981692
0.6543531632050844
0.6548148911396555
0.31579526776729117
0.8285779840722189
0.7613773479234078
0.7160689425965634
0.5956346632391925
0.4925560761645133
0.528581857914595
0.8277187712578823
0.7563648733260384
0.8277187712578823
0.41745903890997854
0.41675075113065774
0.3817447531956928
0.9907479175153605
1.0
0.9818818022296876
0.8188191064652842
0.7930035752766094
0.8154489633239891
0.6270941613721397
0.5770335085205499
0.593798791887147
0.9581796742430422
0.9581796742430422
0.4909372313576521
1.0
0.7916761723998196
0.6779960652968895
0.9722638496220717
0.9063556672671543
0.8916487595989145
0.33337129813632294
0.32267780087370895
0.3328820881989255
0.9827716695277393
0.3216011871186071
0.8716351003775954
0.7722713815748583
0.6104671013934162
0.2769528376824755
0.6445077087177089
0.6877136520761884
0.6669508182044115
0.8092050478443924
0.8092050478443924
0.8092050478443924
1.0
0.9025431579689847
0.9233919703080142
0.8386687481232868
0.8386687481232868
0.6934141394336379
1.0
0.9335743781369359
0.9335743781369359
0.442390217627606
0.3203949350869133
0.46762735387156273
0.6061730181659402
0.4303557428756403
0.4303557428756403
0.9379310365399065
0.9698472771418922
0.8271383482717698
0.18310649877029206
0.18310649877029206
0.18311781176231434
0.4364956639201263
0.4527435864863265
0.2945979467757117
0.19540183193869093
0.19540183193869093
0.19540183193869093
1.0
0.9490287913869201
0.9361181564993937
0.5172460336360003
0.6709400688845351
0.5172460336360003
0.9012167996147507
0.8804356521038286
0.6797583307466041
0.843779318772997
0.7749262805943095
0.7919676464487398
1.0
0.9659074153162738
0.8831535281562937
0.5364997079347675
0.5308889804825374
0.5364997079347675
0.7150922033353273
0.615903558565962
0.6424853414601721
0.3089653657358287
0.2656174559679843
0.062214333194085425
0.10302815960531964
0.2447600170480233
0.2733020750358108
0.5710839594042143
0.5216016547305802
0.48786195589098014
0.8075329846696477
0.7938976043416819
0.7661198265639041
0.633496409116038
0.6238971060577613
0.5842741119062899
0.593520661561267
0.593520661561267
0.0010282332291476882
1.0
0.9019970708504135
0.8727358178215143
0.8144661663003014
0.7835329249032588
0.8162052078342069
0.8324360049742274
0.8324360049742274
0.8324360049742274
1.0
0.9177514279792793
0.7160915774261869
0.6939098561817512
0.6305449533886205
1.0
1.0
0.9596093264926688
0.9597107821926839
0.30583917360439317
0.3058717018736479
0.8536213423746495
0.9316473042103746
0.7823422789374866
0.8569187489137235
0.7261398973555376
0.7850117919832377
0.7578122951233621
0.9053899091295595
0.8395268792687766
0.9005911965349332
1.0
0.8104126656304079
0.4474758953721055
0.6705782999971865
0.6678818563438863
0.6678818563438863
0.37349160778859747
1.0
0.7556818707274617
0.9683076773633585
0.5954122636883981
0.7818901683498871
0.9232057289498885
0.8714014936804662
0.9266659350754711
0.7733130902106269
0.8148304197978664
0.6214935983260765
1.0
0.9836753162939573
0.941648510151934
0.7371809899654928
0.7397528772960935
0.4986101475956085
0.47935238600220437
0.4104208297527421
0.3687675911759151
0.6776644327756607
0.6776644327756607
0.75
0.8462135972968138
0.7864893027456236
0.846209034485794
0.7915964356548918
0.9081493874833495
0.8980690015769326
0.8627674853892573
1.0
0.8627674853892573
0.8525640673732131
0.8675031747738202
0.8533337880671401
0.962453655835612
1.0
0.9577209482455796
0.8656835122972528
0.8513286865383394
0.8229187941893241
0.6827799123193304
0.7739394234337884
0.6802895875162134
0.9187289719048319
0.9187289719048319
0.916603698175847
0.46066771177649807
0.4548835254760393
0.4548835254760393
0.6164805666411388
0.6164805666411388
0.5191126775786018
0.8322216587822446
0.660974961520607
0.8149145164504947
0.8325874836818922
0.8089773699672658
0.7980108179558643
0.9507068058490397
0.9507068058490397
0.9507068058490397
0.28091185786051176
0.2032009805582747
0.3377745390915199
0.9166318045184021
0.7767749045283879
0.9087587972420137
0.8424462229374001
0.8241773815714843
0.839830697674482
0.7307668505813623
0.8041160159310414
0.6957558764493773
0.398719996082761
0.40254731945019406
0.40210228152700733
0.8297033216262655
0.8152758537941576
0.4371696713929641
0.8343081961920088
0.8311212538588792
0.6326151424891983
0.9367970708225403
0.8447512120434005
0.8589428087878813
0.39338922156651973
0.39161684254100776
0.5784828828893399
0.5545381326050473
0.5545381326050473
0.5206453228276037
0.5100246427412278
0.5008149113928546
0.05854966745590487
0.8220303212446582
0.8245045387270644
0.8404441285976102
1.0
0.9900645867532664
0.9496475739733485
0.7776288389867612
0.7761485911233051
0.7682370799086479
0.756273074906546
0.719999348292581
0.8126501702544989
0.8666850897531287
0.7416850897531287
0.8477252373336918
0.7316491899620969
0.80174323226576
0.7286262811331197
0.8625777300742938
0.818082565546047
0.6949102254204165
0.5810166065605078
0.6034693570100337
0.39310470279411935
0.7772821284478046
0.6881341726118438
0.777517086320199
0.9798261336627121
0.9391525784251457
0.9616158601638929
0.865328497937697
0.7142556360257855
0.6418405724700895
0.9625908728857302
0.8932312061630018
0.718893227839655
0.7321668185562575
0.6071668185562575
0.7282828154692289
0.4639809204160521
0.4639809204160521
0.0756099908283196
0.914568173455512
0.7116272930345233
0.8983517819975091
0.5949437922623872
0.5818464315327945
0.5118797511897473
0.8778186274201424
0.7803704321151741
0.8778186274201424
0.8490507687281502
0.8265282529478967
0.7615376367074865
0.7822577570888394
0.7499549757872511
0.7630182063573148
0.6460203053495497
0.6103053018812132
0.6487853596664559
1.0
0.9122606224525931
0.8642109211151044
0.7891082771629533
0.7891082771629533
0.4935644629469863
0.4364805639212073
0.38957526530120673
0.4487668207993313
0.6227876695263939
1.0
0.8101430915486656
1.0
0.8386875942843207
0.8088827759408802
0.8088254246484654
0.8188041966955224
0.6982950764402518
1.0
0.9520529010284519
0.4718084897716251
0.38109157771497826
0.3800419681986136
0.38081523436450787
1.0
0.9107737672283862
0.9294476010077436
0.75
0.6703449453469056
0.6703449453469056
0.8483416537090147
0.7536995239967035
0.7459245435792026
0.5544791295654501
0.520506821135073
0.5544791295654501
0.8521572755493937
0.5487376474683876
0.7793670993919987
0.6068768031992579
1.0
0.6103837929380617
0.814027781649028
0.8551790105753361
0.5124430266205707
0.8877433687080379
0.834786747080824
0.834786747080824
0.07475943241892616
0.1129718469182077
0.11297812299417347
0.9079475131152265
0.8805267468067208
0.8395673071465596
0.7857502616087852
0.7857502616087852
0.8004561439617264
0.7219844469781251
0.6912268827108101
1.0
0.9491720434307414
0.7289689907210811
0.9110333891230081
0.6481150546562253
0.6980815537995616
0.5415831961121305
0.9109373710032376
0.9109373710032376
0.9086542739667807
0.5568069239245352
0.44061995967989
0.5410976193335555
0.7514594600807758
0.7146093718416524
0.7618526516343003
0.8056053176801442
0.7887017822757958
0.8159034571476969
0.9220129622289351
0.9220129622289351
0.9433828081693421
0.6723190596030286
0.6727939881938785
0.3635109327147148
1.0
0.9097368728164074
0.7403192909943451
0.75
0.48767884578178666
0.002621086192218643
0.5145015743471403
0.6261010612653783
0.6252442631749534
0.3983568113134292
0.623526416523166
0.003962749785076659
0.48144702183183974
0.41861653670400306
0.41040998737817164
0.35585646837820767
0.35246549471499417
0.4163746071650608
0.856297748489547
0.8449681706778451
0.8449681706778451
0.7507312335363633
0.7507312335363633
0.2583722724395527
0.4377035120050269
0.47527667843411375
0.43782524934454803
0.4664693860868543
0.7888973701855798
0.6428653126010611
0.6938847069359761
0.8264961691818564
0.8351713605177654
0.695525542520329
0.6935341422059377
0.6006320301357412
1.0
0.931826860447585
0.781531132814403
0.3421947363288729
0.3419929881675751
0.341795960486829
0.9794705893212523
0.9794705893212523
0.9794705893212523
0.8986572225165091
0.8986572225165091
0.9013073850190911
0.48242955417209676
0.1367231732019426
0.14047931035888706
0.8532974757958113
0.669236354769539
0.8554748173068634
0.391817719251347
0.391817719251347
0.44512561718155697
1.0
0.7382219071041316
0.920631141155674
0.7376013287644884
0.7022246857626723
0.7127686602829361
0.7898407593307006
0.7125610638913359
0.7898407593307006
0.8535210036555148
0.6767862663800083
0.7953019244577547
0.9709988669380654
1.0
0.9709988669380654
0.9267323720451696
0.5264465995443676
0.7008185292589518
0.6954616508775996
0.6928582151372474
0.7481241650883274
0.9066432568149391
0.6610516353194444
0.8696607589123285
0.9644339342006607
0.9398058743281988
0.9183760874320175
0.7605665147792967
0.6878435677615929
0.7555622163923535
0.6792969966377267
0.6442811432707927
0.6405775195341806
0.9081217959234402
0.9107984227244224
0.9081217959234402
0.5539067213255409
0.6393990133043596
0.5577162933947682
1.0
0.9394965691544108
0.9372144902035747
0.75
0.6056965297012609
0.6253211240691368
0.5456207489480742
0.4716480903553338
0.541168000281542
0.6180999368360556
0.6996281748006975
0.5943505295924725
0.6747188374030284
0.7980147743137105
0.5802006444624079
0.5089941566703807
0.46038373203236427
0.75
0.46697091449012756
0.2262951443507915
0.4277726336063829
0.8193679190176655
0.4781456132959202
0.7887704848837882
0.6333748874920614
0.6342464821036622
0.632675353755138
0.9209824556142908
0.8842886564080057
0.8969955196727637
0.9035812666698635
0.8536718217775681
0.5541692049080569
0.5380484434083626
0.5380484434083626
0.6503268875913278
0.6256456737675391
0.6951537182898611
0.6371904280361979
0.829870603597701
0.7373199191046628
0.7437482528984606
0.9483738250653098
0.9101628565473969
0.8663810684627479
0.5850364752328395
0.6718705887568308
0.5113801265505528
1.0
0.8436537350786781
0.7621204069492757
0.5984205369578057
0.5984205369578057
0.5984205369578057
0.8104439792018686
0.7868096055034091
0.7430398771868656
1.0
0.888953426983251
0.9105827123595057
0.3284244236832029
0.4473548703639504
0.3339803417463041
0.7736253934449555
0.7885815982755185
0.5558327837876181
0.7561144422241833
1.0
0.8025274768843196
0.40342496842269193
0.428574196854245
0.0005279627178115913
0.509446032130666
0.9037139050266174
0.9004653309305282
0.618520905340644
0.5919084123430056
0.622929622840311
0.9091113022965112
0.7059391949530283
0.7059391949530283
0.7293438077933717
0.8820207596286304
0.8820207596286304
0.9609727655412121
0.935560191051668
0.9394000202656565
0.9382481825165082
0.9195408807796838
0.9220104906358616
0.7764203494818661
0.7178565251015538
0.7776171158000613
0.8668488700371595
0.6828307181069082
0.8303112483688924
0.7322576531658447
0.711969994193874
0.7166326531658447
0.6744068039277872
0.6753591198806349
0.6686395247551997
0.6901987100021897
0.6717056781845521
0.6746623933492835
0.513275120279404
0.5279471437262725
0.5613157336749958
0.6194975410351627
0.49224972231098
0.6194975410351627
0.7902366720209576
0.3191213989402024
0.5141059648800755
0.8467220710494965
0.8125458892962734
0.8276137681004901
0.9367636264524735
0.8782007473768954
0.8742822236560619
0.9034965276569358
0.8404408020658418
0.825812982895727
0.7425888861935791
0.7365132501518689
0.7365132501518689
0.8043024346989573
0.7732531679448132
0.7732531679448132
0.8805511788205409
0.6467307413474047
0.8603638645055558
0.6754803824758984
0.6754803824758984
0.7380164888185498
0.87660824254736
0.8398332170648855
0.8636503564795155
0.07975873817359015
0.07975873817359015
0.07975873817359015
1.0
1.0
0.7387277632407929
1.0
0.6899868891688611
0.8944084384769353
0.9233136510134775
0.808852108631795
0.769041877011769
0.9643369929345399
1.0
0.9081055967688872
0.7398497762344157
0.6570926518844687
0.46483828575767977
0.393869253153069
0.393869253153069
0.378244253153069
1.0
0.8919543186247697
0.4785513398654624
0.6716890350478136
0.6529603288103744
0.6467346733083934
1.0
0.8336330675074552
0.9629500375727266
0.5190991952064317
0.3687675911759151
0.31699751716111557
0.8909487177264026
0.9228186574169157
0.8301154490217297
0.9748196888799808
0.7982047675433497
0.7954227836161265
0.634834323986535
0.6351848827239192
0.06297638440781139
1.0
0.8232167973928803
0.8995843365584771
0.6769917072623948
0.46460591143829744
0.24816353936243782
0.7473424877522883
0.8227040666718494
0.7511640162623027
0.9890612027002679
0.9606649714234704
0.9678211038565978
0.851696099266314
0.6792678142674007
0.37942293760193563
0.5890965072014905
0.5846056565350779
0.5961736788038285
0.900287319438955
0.9016144409850637
0.5557351602133113
0.9133350909425538
0.6094137683592327
0.8919951255350055
0.7608537315641136
0.7200989933454229
0.6801777991343186
0.8121262603246766
0.7463866428281744
0.7463866428281744
0.6874203107991362
0.974084151329442
0.6833991668052064
0.9372002676490037
0.8935572533816047
0.9434214790498503
1.0
0.9689383415646592
0.7735207666003233
0.779977546147537
0.747988341305758
0.747988341305758
0.4008050413541965
0.4008050413541965
0.4008050413541965
0.9661796765376377
1.0
0.9017155619406194
0.7390887908497391
0.7288740601449498
0.7223483061796181
0.4262604480691704
0.4554923749697811
0.4262604480691704
1.0
0.9776040019177483
0.5156871387630855
0.9628412750063594
0.9504195581130848
0.9504195581130848
0.7280278085251018
0.7280278085251018
0.7280278085251018
0.5451745647994063
0.5562160200552754
0.5191157920385258
0.75
0.6955105292282004
0.7241491399483846
0.981900956142987
0.9757313658498138
0.839814685296067
0.9104396420874257
0.9522876181066762
0.8790249257301557
0.9074622338432063
0.891165367054587
0.891165367054587
0.5143477842195665
0.6406936587335889
0.49660895656531456
0.5375353825361282
0.4468858085522901
0.4029654542510085
0.9194141425914735
0.7693758143990503
0.917225520144088
0.7383509112291426
0.8486955433861789
0.8786128971677342
0.44822771027801733
0.44822771027801733
0.44702367213550065
0.8644704146762808
0.8644459595673496
0.7393452890990577
0.8099923973962413
0.5712752622662729
0.6784527088374075
1.0
0.8396760841377506
0.9474929519496971
0.897047374471946
0.8365544467572537
0.8562351607640928
0.10661256298158688
0.25132672552471613
0.21119469617838232
0.511168982376428
0.511168982376428
0.75
0.5379053937977201
0.51589745399415
0.5379053937977201
1.0
0.7887421437642262
0.8184462878968207
0.9581499566627781
0.8511434257154489
0.8072326647125925
0.681691158705616
0.5892262418792837
0.6442296051910554
0.6496135851285835
0.8460134408204091
0.7668554874348126
0.9256064302640312
0.9083211875387632
0.9083211875387632
0.8854364429187884
0.8318710702729032
0.7587839800926752
0.5294624645345163
0.5128244535922949
0.3059985189535868
1.0
0.7212868871362966
0.9777856414176236
0.8496433599966109
0.8625671160947441
0.8460057530880082
0.13002211057078658
0.6988595216526086
0.21990057643355154
0.7106314930379207
0.6968383186024557
0.7054124290718539
0.9832809014834889
1.0
0.9738312366499654
0.8983558782544995
0.8983558782544995
0.9015662706095304
0.9178974763609935
0.9040407480565726
0.9417108054130247
0.5444364954926946
0.75
0.6422355993054534
0.6169555676250952
0.6781334797456651
0.8282507989029606
1.0
0.9312176997384483
0.9443346157940805
0.8827742077844123
0.7847593809949552
0.2358243384101696
0.7498953269078907
0.7263316552928237
0.7594375365019265
0.9369563632549583
0.15317378037881618
0.918072956182454
0.9007520906510589
0.9039396481727886
0.9007520906510589
0.8399384148071235
0.7868302745638812
0.36651827744418186
0.2767854262341521
0.26241302106487924
0.26241302106487924
0.5519782405354151
0.5519782405354151
0.6130967933192251
0.4105737456214913
0.4105737456214913
0.4265433878785956
0.8568979109683256
0.8121801206623944
0.7377811846129356
0.5350829992845049
0.31101149439573045
0.6449264699957485
0.8421796013966004
0.8174252024592477
0.8174252024592477
0.8636981822462061
0.8337755150097358
0.8618825547979023
0.1497747764448683
0.5736236141434727
0.01534442293519027
1.0
0.9379580230974139
0.8558530082268431
0.6187400454825949
0.6565437134189356
0.6187400454825949
0.8941957399442358
0.8546276690897511
0.9010231485819029
0.8904926064987455
0.8586502075360606
0.12289957524914383
0.9709988669380654
0.9709988669380654
0.9508761001454221
0.8724100125916465
0.8571913431501754
0.7771750691668454
0.6659525847458596
0.6707439203310388
0.66390260664715
0.6054342566648232
0.5714375799355955
0.6109033267933959
0.9004294224365403
0.8389057523643412
1.0
0.8927488646904895
0.8623950108498978
0.8623950108498978
0.6632845810604716
0.6492122385315974
0.666389501010559
0.3327901904269627
0.3364568779529533
0.3364568779529533
0.6823514154402892
0.606890714793002
0.6478593853426632
0.5626663419533493
0.5583465693826597
0.5634703140173392
0.029481311158388635
0.1716011800933625
0.2341011800933625
0.692983503817653
0.534778553290347
0.683391619792413
0.49700661298775284
0.49700661298775284
0.49730940560942827
0.29256866984284957
0.3703678626968659
0.29256866984284957
0.8283303394058243
0.8403822776518042
0.7612374923259669
0.7682299365317863
0.8251062624738893
0.7463350097745505
0.6345600021612265
0.6145633159089885
0.6145633159089885
1.0
0.9452195869469442
0.9120037916134849
0.7203468345230211
0.7063580405696521
0.7019660086831297
0.6808736194033155
0.5956683107877584
0.3411839768921297
1.0
0.9566245406308423
0.9399578739641757
0.7038239591152542
0.7038239591152542
0.6403138683551983
0.7446570217859552
0.6488760103685666
0.27861834926143336
1.0
0.9392124233321353
0.874663849825663
0.6689371579270735
0.8248297074353285
0.8241711888567024
0.6436429183205339
0.4285838317153619
0.409081078372842
0.000739374571112335
0.17585315728998324
0.0020115255876876304
0.5979810010573599
0.5370953395133129
0.2748260657140265
0.8964759301454337
0.8684739495115819
0.743473949511582
0.7378700479209908
0.6902413174542401
0.7244443300553572
0.8991766538760202
0.8844614301044568
0.8821553120878418
0.9077751373554153
0.8871827911816613
0.8709756028646356
0.7353326871479852
1.0
0.7192070837882784
1.0
0.9318991779653044
0.811317715325183
0.8850107834055205
0.832470722507615
0.8874011436304098
0.9962395302527262
0.9248359522459555
0.9435859522459554
0.9024762359372577
0.8198216871925001
0.6704428285396609
0.46103618092351883
0.46103618092351883
0.46103618092351883
0.5400055097273233
0.5124853000627535
0.3763920401763776
0.6002272822885798
0.6057974076040089
0.6002272822885798
1.0
0.7919477994810696
0.777226642949512
0.8472858597734538
0.7557632434604589
0.7865412980471505
0.6395154385091206
0.7531591865881655
0.7528626334154044
0.75
0.6071439976570037
0.6071439976570037
0.4582824869733672
0.4582824869733672
0.5375071788773014
0.47708916164033077
0.5546867351768151
0.45336900969053884
0.75
0.39764863529870365
0.3882670664066138
0.29302055327871834
0.2980810066174593
0.3066078123918813
1.0
0.8985848312110691
0.8985848312110691
0.5818624535020561
0.5024426682210792
0.5459554620601287
0.39075130600209274
0.4599202719219397
0.4259275253711848
0.75
0.681826860447585
0.5419477994810696
0.9306081013638099
0.9274004461185356
0.9203337075040017
0.9464155094938794
0.941790636268837
0.941790636268837
0.34232665594334905
0.34232665594334905
0.3462044212623759
0.8884395686605612
0.8746173125395007
0.8887330948852588
0.7017860490381881
0.6352638217107194
0.7017860490381881
0.8505017818142462
0.8272396590325197
0.8338263666348424
0.6122053670258069
0.6260942559146957
0.6122053670258069
0.7370445722533804
0.8961773209486318
0.8374756454139025
0.9216060020976249
0.9216060020976249
0.9216060020976249
0.9101380525885716
0.9061164563846771
0.9059183640816066
0.9304376178508367
0.8848849258278529
1.0
0.5010969486335435
0.5010969486335435
0.4709517635542394
0.8162318149733081
0.8162318149733081
0.5594651564888793
0.7462019446843833
0.9107204036306773
0.7995838671699362
0.8316393424877617
0.9169742618927025
0.8087116663549033
0.31580835821552733
0.31580835821552733
0.005344058010027628
0.7366722742448333
0.718736483844432
0.5933571010870347
0.793359261841644
0.7877282459955177
0.7975004893868468
0.9100015685709043
0.9140633102887308
1.0
0.9659367517585835
0.9712290967646898
0.9257755428022756
0.6925904469428178
0.7126705959623671
0.6903645989308088
0.6940678003174104
0.7023776862520494
0.7090067653653707
0.8060235988829801
0.8198969890624814
0.8075449429553335
0.9647547042922295
0.9584512779345196
0.9360601076419865
1.0
0.927974532982154
0.965405094365784
0.8619786727148335
0.8499785977165228
0.8619786727148335
0.9828186285750703
0.922816563848715
0.7520194651534886
0.7240570687372747
0.7258635967950011
0.7722843232391111
0.49409421626444894
0.49315336529638937
0.40168303733181054
0.7209988669380654
0.75
0.18449136784379738
0.5071403105130942
0.5574359110648079
0.15979449113766964
0.9761243903408761
0.914983494276213
0.9260175215270722
0.8276701376531882
0.8137002822694149
0.8077726703713412
0.8866306956845115
0.8598642987868332
0.8511762775191973
0.7135041836579543
0.7739271580302045
0.7481934268867367
0.8300418391744235
0.7633516078441813
0.729625009602691
0.5881621853004788
0.5151807067655767
0.5175337319872978
0.4653747433275849
0.4731729246994245
0.46624490777035843
0.8478639800085138
0.8026853634226278
0.847859169001499
0.9703778339003518
0.9703778339003518
0.949845010062274
0.7892472178594151
0.7798451432453549
0.7805856428625547
0.4370825300212174
0.4576444036776211
0.4576444036776211
0.5313424391704192
0.32206910977514414
0.0755937951621835
0.8864592351838065
0.8864592351838065
0.9119128023480432
0.712728158471076
0.6767380231177897
0.9597816923869832
0.6145390882607077
0.9326942941757351
0.3271720695461878
0.30656650357254794
0.5710063285254617
0.29341906019024777
0.35994121844372917
0.4676062853774794
0.5551377170347918
0.4619309938033887
0.4986419585059539
0.5302889456814905
1.0
0.9249419621970618
0.7915985568645224
0.07493484234426649
0.19981969454147744
0.19962156944697612
0.6609155424472282
0.6070163744471824
0.6277709078660538
0.87065683803719
0.8839328894643119
0.8916892542573425
0.7106938182426986
0.871339714611862
0.9138357490474542
0.9012147070813985
0.8379950121643891
0.8333125389630649
0.75
0.6563252915129514
0.6563252915129514
0.8257276371298224
0.75523027490404
0.6238357906323848
0.7739556762084567
0.7713300835171093
0.791484089775949
0.4509996813138917
0.4509996813138917
0.45201919168167715
0.8847334550888721
0.6111818179964916
0.8648778373609401
0.9197670183861067
0.8975442869969986
0.12203721603726222
0.901448271764134
1.0
0.8662732560015914
0.2103922475445345
0.46061541935528183
0.2103922475445345
0.5263288312497492
0.5208308118977033
0.5184368409592375
0.5113758962999722
0.506085123912775
0.5113758962999722
1.0
0.8165413017555581
0.2725403457534978
0.8325277787486467
0.7318876909786729
0.7623327104025162
1.0
0.9921684480150214
0.9485035725327114
0.9339214505446907
0.734586780815023
0.7484756697039119
0.9688936113657038
0.957175487190815
0.8139877661568058
0.44827784598813214
0.44827784598813214
0.20579290003693862
0.9422098594971833
0.8035136756827062
0.9139847326691998
0.9441378690576226
0.709899755456129
0.3038183040985317
0.8391530883787082
0.8207552808380175
1.0
1.0
0.7629021043021784
0.757206196181508
0.7774379683411379
0.7521282125425659
0.35950214934231695
0.6806763857920485
0.71749061102546
0.6562406900257763
1.0
0.7638395667891189
0.674396839448377
0.03841619273838138
0.9016598962446574
0.9861019193329068
0.7739998350544234
0.7771743477874742
0.7902302898025522
0.9047290032811875
0.7761730234705051
0.9197670183861067
1.0
0.8453254856547261
0.9644789866009101
0.8159762479638991
0.8594971449376915
0.9101186841598813
0.7297222041347291
0.7428389110477129
0.7757706801726734
0.39061581190483496
0.40188102805986636
0.39061581190483496
0.3120743522968726
0.17351250209614216
0.1719328280287886
0.8495114763861543
0.7416967991753257
0.06617578625798642
0.21386199099767633
0.8888297249425726
0.23161859623734307
0.6030389908968743
0.5867841044716626
0.6373048628345446
0.9061956043310591
0.8093226058078486
0.49042674288817073
0.6573602566495907
0.4992484177423392
0.6573602566495907
0.8636114711146788
0.8224494534642667
0.8636114711146788
0.7550241522578667
0.7483549261751794
0.7555358774917047
0.6429849049246898
0.4457969529662324
0.45355052897352605
0.8509095268472846
0.8033340758136875
0.8509095268472846
0.408411945851904
0.408411945851904
0.39650458358157914
0.9928870667552108
0.9928870667552108
0.9173651921880719
0.9337785310811546
0.6112567298071703
0.5232057679538608
0.7733007671184582
0.43445357811683105
0.41770015828664764
0.4848458503772851
0.4848458503772851
0.3718445928353321
0.8708633133409878
0.4721387208641506
0.4721387208641506
0.9178375394459202
0.9449003118735897
1.0
0.7884125912894759
0.8281603605804874
0.8281603605804874
0.6622855992988544
0.6163462409171478
0.6471496545375468
0.0075950145835600264
0.014439199251249656
0.08432367652665282
0.2030185979219967
0.21689752292224163
0.2030185979219967
0.7593129893849415
0.7572917851335297
0.759656003707859
0.5517229131278119
0.1827620679278568
0.001468842406373962
0.7205510785949077
0.7225231962786021
0.6493138978705827
0.9400123787404946
0.8135834233275929
0.7482798403673504
0.75
0.5162008890128688
0.515104464585381
0.75
0.5238127764077278
0.5213674522660996
1.0
0.9366367953287649
0.9057838007734109
0.618315330768334
0.6447586258135466
0.618315330768334
0.8487446046358156
0.817437536130967
0.8053984319335227
0.6974305103058023
0.6947351369218258
0.6994242905230723
0.9061592941578648
0.9711282328646424
0.878381516380087
1.0
0.8270048929216458
0.8594738603538613
0.48317694925171994
0.5025465358111264
0.5140186402892069
0.6954673797425452
0.6888860402440234
0.6676698384361563
0.5437715249174094
0.4932962763361208
0.5437715249174094
0.49419098117373106
0.49419098117373106
0.5483349825439126
0.7231828306092276
0.6874685448949419
0.622293970843927
0.3767864067021883
0.6267503291233132
0.7239002084000064
0.60248017234768
0.6339627311998296
0.002559810227165161
0.7159889823742822
0.7159820999329507
0.6861903864091488
0.9101748364266242
0.8950944337315299
0.8547787223980505
0.6902025514330521
0.8295457519702732
0.175798044245694
1.0
0.9448078070978937
0.9351996846587571
1.0
0.936434353578233
0.9565991822233078
0.8656834274390097
0.8656834274390097
0.8352239741216586
0.8846464151725523
0.8847084326239943
0.6405644264579855
0.6912896804474566
0.75
0.5553729098010634
0.5107481553761299
0.7772322136242807
0.7134672322532443
0.8962872269893816
0.8705568966425081
0.8708519258576783
0.8521791725303383
0.6429547247575538
0.8328546974088341
0.30551733437383566
0.16642629965475336
0.2777883567476739
0.7962811895765279
0.7304557157928612
0.7304557157928612
0.6966825849945542
0.6966825849945542
0.09880742128398218
0.7240238219299122
0.7240238219299122
0.7573808226582297
0.75
0.6371484384453165
0.6429849049246898
0.589533219192525
0.6170103476834138
0.43781778638432933
0.9319477702866636
0.8342729767954637
0.9284803609965866
0.03768936852781059
0.1064872990524373
0.194754844281541
0.007190292225138089
0.08342300059541508
0.010227246127936341
0.8326226553073554
0.8326226553073554
0.8326226553073554
0.4824483430787265
0.4089255987603429
0.39988871637731616
0.8716743596140076
0.8527632502965595
0.769953688217435
1.0
0.927247529796542
1.0
0.9672495632142508
0.9164312980966158
0.78639613835484
0.557658471366501
0.5883460303191221
0.4909474084464063
0.7744029658949838
0.7159591327698444
0.4030502771239507
0.8797913433056875
0.894116851568276
0.894116851568276
0.9952359130318926
0.9952359130318926
0.9952359130318926
0.8968264242685802
0.9079653198536705
0.8896689255803519
0.22550877503947805
0.8222307035189131
0.5567616157827265
1.0
0.9891286661204818
0.9494495105065497
0.6140199994999039
0.276653205396352
0.1996491681708883
0.991287780536602
0.9412498412699397
1.0
0.7353184588964828
0.7640994933369489
0.7320414736833872
1.0
0.9561227278532582
0.8702948681445801
0.906600636473438
0.8720459491518548
0.7615897437735675
0.8989189631929692
0.8094708235340388
0.846080672652321
0.662671106048454
0.643740080857965
0.665877833940543
0.9345118697308121
1.0
0.7537805905983396
0.6153781019721833
0.5817861462138378
0.5940904389196486
0.4908242604772082
0.34814726385554595
0.4100463829244107
0.7913040005662074
0.5096325472530123
0.7756810616549178
1.0
0.972750831482334
0.977047393499737
0.5248136334421611
0.47469351507308266
0.3367024707200624
0.8807788423307131
0.8455907568067391
0.9025411098590252
0.7075416773030325
0.6954739527654163
0.2469374728078208
1.0
0.9725480059076013
0.8533534778956101
0.7748320924293519
0.757813312581765
0.772801913267829
0.6062460905251146
0.5801603967577564
0.5801603967577564
0.8532073751875624
0.834889810719904
0.8113397078972744
0.7282416621248238
0.7136731294514466
0.41824003387553577
0.709241249203445
0.6950358539159083
0.6741898919644518
0.6447181792007292
0.8290261404141268
0.8241637034705402
0.7862292761813638
0.8154900882221441
0.6620323720797624
0.8494113142595394
0.7535203629699986
0.6501316489439876
0.9238702155950145
0.908064046208134
0.9216032373442948
0.8139453994416631
0.745329467023813
0.8708460677192438
0.46160658067361315
0.452655821908088
0.45110037735736824
0.6801322402630859
0.3521540665334568
0.3967418139212755
1.0
0.7857994081726496
0.8636114711146788
0.9122563384433702
0.9110970730787975
0.9110970730787975
0.8428626395208618
0.9036135172060422
0.9064058890344933
0.9087760700289448
0.7956897114292347
0.9041776025033108
0.9207658349686959
0.9104806801439973
0.9104806801439973
0.8972915084366215
0.6633372048851595
0.8939674358293344
0.6898469188232934
0.1593338964110098
0.6966062581908774
0.7719800347295804
0.7735729004952387
0.7704216169374183
0.6499547582189318
0.8568885814513669
0.6519034566898718
0.6627838069325548
0.33541586240546406
0.6566856065603572
0.4458823379719109
0.39501591725991914
0.4381994281876997
1.0
0.9422006462926003
0.9127888815867178
0.3851592926925131
0.6832443801238712
0.3851592926925131
0.5488297451935324
0.5488297451935324
0.5431797993962274
0.5211691430912837
0.6965725917976714
0.608360232770686
0.9049387313408591
0.8907736657662025
0.9052089300584669
0.3560060206672322
0.4122547201051505
0.4207036779310305
1.0
0.8474651575047711
1.0
0.7327291885095008
0.724147296668264
0.724147296668264
0.8310042926356571
0.8310042926356571
0.8359853149278689
1.0
0.7840905233622042
0.670659560767509
0.6442133006613167
0.5777873566097623
0.6473915906626393
0.5963843301263407
0.606664306110053
0.597734951436372
0.4142918663347581
0.40078424085567327
0.4296598737636063
0.8342486638064284
0.8488708072303781
0.8305190745759108
0.5352647827714464
0.5153990349598021
0.5388943402792445
0.07256751073012667
0.06216469918670039
0.06263494654095504
0.6986036527023387
0.6908371330336514
0.6783818185948165
0.2702673009711811
0.34770695666738943
0.3017590483117473
0.6071910609040249
0.7268215819314101
0.7281010194280426
0.8049969170510868
1.0
0.8049969170510868
0.9830081544000386
0.8725567507109675
0.900433077341444
1.0
0.9152446001219898
0.9360088515911713
0.6865662342069192
0.7086363695578501
0.7085687242638105
0.8400932645706436
0.8400932645706436
0.7318216479106179
0.2928710929489336
0.3482309368266311
0.1987357751885523
0.7393704267498276
0.7396799537054413
0.7399520122062488
0.524093926985503
0.5270872133421929
0.504422889481744
1.0
0.9648470123675166
0.9912538844884278
0.5569727659711328
0.6764072820981761
0.5480202372140237
0.772082993541737
0.7717566800832703
0.7717566800832703
0.07087273318586323
0.07087273318586323
0.07087273318586323
0.19098238706216922
0.2119280056912483
0.2742593947036591
0.9558891869779689
0.8592093823514311
1.0
0.8814671912311628
1.0
0.8495892110746365
0.5766104960747098
0.550177560220472
0.599821741924893
0.2913704854728104
0.28837432089211573
0.2913704854728104
1.0
0.9761243903408761
0.9863964696983658
0.9382412702324732
0.8976691003862958
0.8233794840632449
0.6422896694081224
0.6533698397681442
0.6422896694081224
0.9119317993030095
0.8298502545234314
0.8602269582470434
0.7848813372195057
0.7848813372195057
0.6894778643589894
0.6951126249240045
0.541079143939334
0.541079143939334
0.7390033449445068
0.754379611576764
0.7246454341208384
0.75
0.6313018254215206
0.5751696243253546
0.432866109768804
0.4737351481951346
0.42047242761297765
0.9686257293927362
1.0
0.9413976530468542
0.42342303325109854
0.42342303325109854
0.44442836767470334
1.0
0.9552081138664832
0.8502661822081143
0.6987574544836177
0.693005347410446
0.7039840724839225
0.7456779550749758
0.6808863821508802
0.7456779550749758
0.6998694895856963
0.766061279053474
0.766061279053474
1.0
0.9249873319164869
0.9039627547723313
1.0
1.0
0.9786399686871633
0.11451346731211645
0.11796209788828867
0.12129886505836
0.7734384981843883
0.13899151033946278
0.44176494915657794
0.8206951032209834
0.8206951032209834
0.7798678076759525
0.848284604305107
0.5139715769385853
0.8169984459084105
0.8837242370680579
0.7438997866517701
0.824090133386526
0.7937033361837051
0.7937033361837051
0.7402856175343582
0.7174817913211436
0.7009377858655271
0.5673204813397821
0.7449212433878324
0.3395174740463816
0.7114018885003581
0.861037291248504
0.8579147537536106
0.861037291248504
0.8698656226236957
0.8657340110456428
0.8674485788195461
0.9768344208824397
0.9409631261606153
0.9438194001878017
0.5974155767054826
0.5974155767054826
0.75
0.9752132676502265
0.92370861248275
0.9643967544168879
0.9379298106167886
0.9029377568105899
0.9353388266335079
1.0
0.9578002304744209
0.6898744207200471
0.23257323195481355
0.19240173769962104
0.19240173769962104
0.9833010724856466
0.6943836298433538
0.715678542692331
0.7733571902802913
0.6372524166903574
0.5479473432773041
0.9528924740606133
0.9487397698903066
0.9716424740606133
0.6726949124411719
0.6725310588742468
0.003962749785076659
0.8084244727281058
0.784805977071515
0.784805977071515
0.7813782716949678
0.8199548429420127
0.5500191838093436
0.9768034105524293
0.5125440346022426
0.5627763327337024
0.7080261351976145
0.7080261351976145
0.44822741490828344
0.9603709384785448
0.64932442934763
0.9211721802628662
0.6017257935720243
0.5767257935720242
0.05519809012113944
0.7356425730248701
0.6407924181663635
0.6593815254694301
0.6996753309844168
0.6878050639324385
0.7002668034650528
1.0
0.7225130816996166
0.8529961878616519
0.40237830183450896
0.40086921223497185
0.39947883971801657
0.4865573952864499
0.4865573952864499
0.4294592747010576
0.9793876376422684
0.8167137562075616
0.6806921956377113
0.734348924568923
0.944526990078013
0.7267047755120427
1.0
0.9102853848641962
0.6460267008737866
0.5483508657336482
0.525333291677672
0.525333291677672
0.9585226130619605
0.9027317287125706
0.8647371577092281
0.9469506108577923
1.0
0.7230700480922791
0.7008196724585651
0.7383933127111078
0.2347813202758947
0.30545063876092365
0.716963570242912
0.30545063876092365
0.75
0.6408464148955593
0.6433853282311492
0.6857906041987651
0.6238345648100702
0.6760445547678972
0.9141473909000283
0.7662439697186791
0.8850710275902773
0.6131436076065093
0.7764919238092725
0.4098923168370639
0.9558189583679706
0.9382123429188084
0.9342276634536951
0.7766189087796128
0.9216032372736287
0.9216032372736287
0.9020539972517466
0.7411403996962898
0.8512816376250651
0.11418895687865925
0.07062310791360811
0.00028594555394003074
0.6314072355959139
0.5032219005625489
0.9849222165580491
0.8860105391602295
0.8375056892094451
0.8375056892094451
0.8425501049866675
0.8221241549128973
0.6268792817470036
0.7811729187591188
0.760007333141302
0.7429172412374774
0.9442125495302683
0.9235504248968855
0.8337065412037526
0.974455162548299
1.0
0.8237307899538193
0.7231835948004948
0.23183910499126625
0.08027209862538832
0.8620902097498331
0.856843674101943
0.8765877696096291
0.6274574205678645
0.6082527768211028
0.6082527768211028
0.3506383446623317
0.4723150743249241
0.35949406295278746
0.703676229052538
0.6143392816203685
0.6060767294759624
0.6135689233186278
0.8177899467697284
0.8332045993792144
0.8375376687503231
0.8176360449289218
0.7598380056317339
0.8277057112895965
0.2610424414967733
0.9836892253216937
0.3428176065064734
0.15394166325874145
0.3084042201323285
0.10339856791077026
0.10339856791077026
0.0033002923799179264
1.0
0.9861467336485508
0.9404522967946641
0.7554785691870476
0.7442636161594777
0.8265176802114059
0.7835994443576582
0.7835994443576582
0.6810795713533656
0.486001727773259
0.486001727773259
0.486001727773259
0.6137632111096019
0.6204100181393053
0.5885891908227441
0.6415530528350436
0.4685257660263139
0.47851399835566377
0.9752539148003966
0.8047566991492232
1.0
1.0
0.9468506028034458
0.9716509783048327
0.8354675090357381
0.5989004288830205
0.5761348990202975
0.7169771266867041
1.0
0.9045509423857387
0.9091181982574953
0.9091181982574953
0.3496469613980804
0.9022616787504268
0.8298237486040417
0.8821163853008326
0.9456073186812242
0.7995125563616983
0.9270528969190852
0.5711916740636206
0.6129006272995287
0.5358825841424586
0.6349748536818043
0.5365374981843418
0.5990374981843418
0.8258247345365738
0.7095628064366047
0.8243091633657531
1.0
0.9553545683606741
0.3083559477552996
0.537102039698369
0.48193867363700005
0.5376863980273003
1.0
0.8183962026001982
0.7363297990692462
0.8433751727899719
0.8453174366933666
0.6896547064812659
0.5810231443957026
0.5816842895998073
0.5822793480361407
0.655969014289269
0.655969014289269
0.16770312783100522
0.3048628527203221
0.4648279141499338
0.7609348692597284
1.0
0.40253511297346883
0.0051018329521130105
1.0
0.9447852529382308
0.8249294670134802
0.9245289231480115
0.9024147509671124
0.9024147509671124
0.08659377893621795
0.08659377893621795
0.08659377893621795
0.9220353886687811
0.7717319527813586
0.8877865351468862
0.7726017559132333
0.7790225956121386
0.5511118140981419
0.7144191100113748
0.6536022707678492
0.6554615990151479
1.0
0.9339855432063922
0.8215332435413212
0.9122930233988598
0.9244763279497553
0.9122930233988598
0.8926135128511269
0.8721917537072185
0.8777730096638641
0.3256147455981675
0.6425599965003692
0.32894423635776326
0.8378928526229072
0.8460374382362488
0.8378928526229072
0.8350100720214189
0.8148237963272698
0.7183807580767478
0.7124927815635126
0.6145921000846986
0.8628512795998402
0.9478940981265267
0.9203843142229201
0.9203843142229201
0.7438850871761389
0.46726096354436614
0.47406428643303106
0.6548831634531401
0.6432439202951363
0.6353773216086666
1.0
0.9816287285405505
0.9816287285405505
0.8398531923701842
0.8386692267971405
0.8104178901483069
0.7526535585786489
0.6676895747256654
0.6835215387310314
0.4551032572315395
0.4551032572315395
0.013700791213686728
0.5062588175456383
0.43586459389578125
0.40442380602923733
0.18889904542253072
0.6964179756245653
0.1938866153500229
0.7155470063351453
0.6885617129999644
0.67427599871425
0.5066314088103876
0.5066314088103876
0.4563375701225339
0.6807951833966864
0.6763513147224611
0.15185731849107015
1.0
0.9632345519816361
0.9386114702075552
0.9004811493856318
0.907489410320505
0.8973882038803966
0.8005529457603862
0.6714598066301368
0.7990307696922412
0.6811024530870178
0.5239816568375396
0.2176674213301243
0.8033414009261223
0.7248284132989196
0.7332183184965357
0.881074594583384
0.8897226150957624
0.8944147602117487
1.0
0.6018814839843075
0.6018814839843075
0.6528324695002518
0.6521603354083821
0.6897442566007789
0.327318452702899
0.31994059128693736
0.29370722605646005
0.4153756664332313
1.0
0.665449847868329
0.7109632817764941
0.8278059444540683
0.7112394558959173
1.0
0.9478493790748161
0.0845356339671586
0.474775030511846
0.506241353421625
0.3997349576397106
1.0
0.951015672580503
0.951015672580503
1.0
0.9549730768149712
0.7363297990692462
0.7364926322958052
0.8212084013201123
0.7217771854374678
1.0
0.8384028365928226
0.2585495210235463
1.0
0.867587115905116
0.7978777955345642
0.820951013659729
0.8305872212627212
0.8351801072614118
0.16631524925556795
0.17291105968701032
0.17291105968701032
0.5289967459326963
0.5087287265685817
0.5122104781733064
1.0
0.8672734386309412
0.9792552688302147
0.75
0.5986932803766487
0.5885324406350849
0.841881489492514
0.768924485418608
0.8159702973941672
0.5423459857906157
0.5736499122084572
0.08640315168934982
0.5981043762118491
0.512075280940069
0.507627259386928
0.8619987093935004
0.8541576850717973
0.8451393419780198
0.8681934983956332
0.8598150462555519
0.5606598549724962
0.917375800731653
0.7524321883417519
0.8524666344650926
0.9690447307943268
1.0
0.9690447307943268
0.7601258023817672
0.6223947765268342
0.8152060876607772
0.579719091220722
0.49354489886823427
0.12948295348531735
0.7685851505712407
0.7685851505712407
0.7359874277526461
0.9009870606522354
0.8457047844634386
0.8938026923580223
0.8808960306910194
0.8685923068004564
0.884184931988647
0.8591422376594919
0.5236835674863338
0.8460276859558569
0.8646842922019289
0.8371934081144881
0.5735794502823016
0.35828007960012614
0.7440593043838245
0.006927505695730958
0.8619147786003154
0.7770694496541348
0.84998470545749
1.0
0.9712165828146289
0.8646247509623506
0.7941809058051619
0.510803046393032
0.7506572805753501
0.8652995598752621
1.0
0.9371672542817285
0.6383932389037003
0.7268174973577175
0.6383932389037003
0.3813354649459718
0.26916270991705415
0.38086150531279067
0.7370353068853612
0.7422900474638275
0.6273714153990466
0.469967710487123
0.5741050428899679
0.4468542332041376
1.0
0.9664762354122505
0.9664762354122505
0.5557115793868646
0.5557115793868646
0.5582594856395346
0.9585619808851353
0.9382153461773062
0.9387851130367922
0.5034139137768403
0.4892841493636166
0.43929445226915464
0.9175388133163703
0.9175388133163703
0.8798867473209608
0.75
0.4784522852853542
0.5335511298861231
0.09712959174830431
0.3036454257921533
0.39989199604706416
0.7910760304866329
0.7718173077704832
0.7628483608591878
0.7355152350655841
0.7047333125407171
0.23974095509907611
0.9788763185862047
0.9861166487891997
0.9724356232411256
0.7189383415646592
0.611176887383046
0.6189573007626596
0.7844289164993025
0.7844289164993025
0.7801070177813334
0.8495778065298857
0.8468477107075144
0.833768401852958
0.8889917158378161
0.8889917158378161
0.8676239665572918
0.9051809614643849
0.8835470264081109
0.9054865139279165
0.5832837001985072
0.578633296167511
0.578633296167511
0.32462514493709027
0.3664686080249869
0.22518522305669308
0.75
0.75
0.7063477953452436
0.75
0.6971071351717915
0.4916150763737563
0.7970559504595794
0.3785979089812495
0.7914863995831182
0.9143754472581269
0.9682225648663414
0.865136885173682
0.5629602872769653
0.48652493032509514
0.5922817916954766
0.6336126257677167
0.46885963855623713
0.46885963855623713
0.6813677543194268
1.0
0.6501433579979969
0.23148046156120616
0.20023046156120616
0.20023046156120616
0.7003308141868055
0.6975949901090274
0.6975949901090274
0.7246608096864131
0.7062763736997596
0.7246608096864131
0.9622083714248773
0.9622083714248773
0.9260009982791848
0.4068401150584591
0.6340481331337834
0.6365500312382206
0.8141389724707022
0.7045980241081538
0.6700389564757565
0.7931858641565634
0.8324647637683298
0.7853140232080182
0.775160518499364
0.775160518499364
0.3402604987746287
0.75
0.6810019487912866
0.6380331723339501
0.9626706921477303
0.9097051858772232
0.9094355649170414
1.0
0.9631758885635537
0.9810458865821061
0.8673021190452348
0.8706911203626276
0.8858435017955715
