4.787945671274239e-37
0.0
0.021960387868429444
0.8962902309378877
0.9592888982371346
0.11697009209280064
0.12768078463184276
1.976308198302338e-06
0.853861735949107
0.0
2.928438438608692e-25
0.9972368246161158
0.40429882847590437
0.3251271312707166
0.8312289588450942
0.9287775684491231
0.9995171166257225
0.9917095568507488
0.9536457573728866
0.47434422868661064
0.9924059813760663
0.8882642512692728
0.9998020196007064
0.586110465201836
3.935561285023239e-27
0.9995530998896159
0.4951710601750034
0.4863858694730582
0.8525989552681058
5.638891634508974e-253
0.9996120752622658
0.3883182669332007
4.867682396801433e-10
0.9500610816317551
0.9966426485507005
0.36735999459649815
0.4258947623365659
0.523633116101133
0.9988536575530715
0.05295504144718008
0.5478975292164237
2.513731498395285e-14
0.9746810399681161
0.7357683144202284
0.9979271513242435
0.878932654740014
3.295507297622304e-12
8.355081611145429e-10
0.4124554826004063
3.757721414362131e-19
4.879552710424207e-06
0.999478136218297
0.4921498675658569
0.9855908203643089
4.708033923675805e-15
0.9647242208394431
0.9994861320753701
0.9994091746061009
0.936181416723194
2.2856656661906348e-14
1.5075107984671975e-41
0.9956325651039246
0.9987547759356946
0.4474260528274604
0.9990144859382751
3.0647551888292557e-158
0.9826630448991162
0.9993012442435879
0.9941969033915222
0.1924309290061114
0.9870367561189093
0.9721015545399291
6.124034668476198e-23
8.263910154805772e-20
0.8642060973710457
0.9938072545815491
1.0754593116156115e-09
3.1519296007110376e-09
0.27042945757797265
0.33449745761359595
0.9701389212072082
0.9988266888683964
0.028105696521582964
0.9987607684823279
0.7547180825956608
5.648175417027804e-06
3.1298996080757007e-10
0.43070107111866834
0.6958208856301494
1.5125220112570626e-48
0.9823761491788192
0.7412087347754427
5.423652030496756e-15
0.6295178941051475
1.1837740131333566e-07
0.9677107967812942
0.3403026194609184
0.9921975980009975
0.7177126492482121
2.4436355989832726e-10
0.9932757099012284
7.175170237928178e-16
0.5611758300595443
0.9996430637169175
0.9982685007774257
0.9799507144105317
0.9995920832206816
0.9953229715204749
0.23041436592481057
0.602399760543911
0.9896014427427104
0.7784465093184981
0.4960234872756593
0.9977315767695164
0.9607692627859536
0.9996180729527104
0.9996580584753336
2.4754774881462195e-14
0.940710347760893
0.9943798524525437
4.476062872560941e-09
0.9997220386384195
0.9991563560678192
7.3696103638918464e-09
2.019825159320009e-21
0.9756864543223631
0.9992712656559417
0.9587039104486249
0.0
0.9991943247307498
0.48181117249403604
0.9832449536496918
0.8886960526146174
4.024350883833903e-39
0.9319743370777057
7.670392879482632e-09
4.999295602124316e-11
0.994149183085456
6.381872699788321e-17
0.9922997996168845
0.8404103453971654
0.9983543555601954
0.9997020443975897
0.997828361426443
0.9971301259843605
1.1227641926681677e-18
0.9911910283595357
0.7114429837078936
0.9642159451174771
0.9593522133937954
0.21554447720317096
0.9786590114835757
4.3893789274616755e-51
3.865201583972412e-09
0.9953787111675756
6.144447552024673e-09
0.999703044100134
4.404417946518607e-12
0.5608863380266014
0.6623885246229047
0.8622957238854756
0.9984232443873662
0.9139366688747906
0.8997754920988111
0.5152850687021213
0.37163837787262227
0.9660835092568693
0.9989765241090889
0.995554908792482
0.7368993229433582
0.7444310824858402
0.900793713876251
5.316233282274321e-11
0.9769967045253071
0.41020510018935624
0.8192762093763174
0.9397719871536548
8.216406539781104e-21
0.747978533461765
0.8667436679090682
0.9686944905826564
0.9824036560960913
0.9995031234840419
0.9947050678341127
2.4193405981467617e-11
0.4192264716286273
6.641700604745779e-22
0.9972208689545676
0.996039862109612
0.5535013986040791
6.090364486558418e-10
0.9958685579859061
0.5200012830530483
1.9615577538301866e-10
1.688153141892463e-12
0.3439094097636851
0.9892808638118531
0.9946254946116573
0.9966944753159094
0.9991213862073329
4.836706204870797e-21
7.655863592699524e-09
0.525091366554428
0.9976068681168734
0.857985568127378
3.4635118015101166e-22
0.5421356674045742
5.13923748767949e-40
0.9949985491154844
0.9598156924340424
0.9992512804304815
0.9958267323848145
0.979306118935618
0.9368632049353662
0.0
0.9972846931325327
0.38602544191210303
0.9994111734264489
0.9297486483090089
0.9958834961263117
6.030717686244182e-11
0.9990384625736561
8.736804718783965e-167
0.9969895405481028
0.9946563284799127
0.9834140863267128
0.0
0.7582425179394109
0.9933939167438742
1.9487626855628457e-07
0.9475808650197571
0.9997010446960451
0.32865720549116145
1.543395357221334e-19
0.9998160169269618
9.034931341551673e-25
0.0
0.6088325548886084
2.4911505546429764e-18
3.825846208889846e-18
1.7829639837317556e-23
0.5387810531326066
1.2558282334877059e-14
0.8351866885663427
0.9998330139437238
0.9998840067277398
0.529787127152372
0.06527625096799754
3.668889141252301e-10
1.2243527070277904e-14
0.9998140172969275
0.0
0.7491859963932982
0.0
1.8174166067317537e-22
0.6367131747067003
0.5809282637866697
0.999299245643098
1.5099250983714366e-22
0.9986668893824773
0.6782821005978934
0.18169769307513298
0.9694969017732484
0.2135229410203652
0.8897551201628174
0.518343048565179
0.012044694577787141
0.991806749149665
0.34401569419140055
1.0171412770797164e-11
2.3861592591897206e-33
0.916152906266901
0.9980329372088367
0.9969376984399009
0.9831004272644548
6.95448995659431e-16
0.9993552079677845
0.9985929907669455
0.7433583864646042
2.699803079808921e-09
5.8040081774379436e-08
0.9998530108039706
0.9966466351292679
0.9996020791914936
2.392204052940009e-23
0.6954069953477692
0.6497211552882628
3.2972918676542498e-102
1.3342388145528684e-21
0.9993881872338024
9.518036520101388e-60
0.9377423948972252
0.976589381832204
0.5285435891330231
0.6434229467408035
0.8662826829106227
0.9993262270869783
1.374695185038188e-11
0.9927206239403742
0.7112537650414257
0.9879235132202523
0.999367200302234
0.9945797428912028
2.5978472360644825e-12
0.9825814872510787
0.5053525370965702
0.9995900840385143
1.8069689656492326e-09
0.7341095579454125
0.9996130748748409
7.712436909625576e-13
0.9988276876955847
0.9987098329820016
0.9540225218531351
0.037049367459643136
0.6158807018698236
0.5836720570659096
1.0028501457021784e-44
0.18522907067517472
0.0
0.9951338781203278
0.5524463247960352
0.7679727716835505
0.9415432449212927
5.788258734093924e-70
2.652967532229691e-09
0.998419250702376
0.7215843488343903
1.2885194382464737e-09
0.028640170033025523
0.7226668148789016
0.9968230571965782
0.9960986301951179
1.3297458542530269e-09
0.010570322168996584
1.516858321168116e-14
0.9983833082563186
0.9275598113026875
0.7133108348939757
0.3438863686051184
0.2632276583856923
6.454616756465794e-07
0.788135696712329
0.7525092425319874
7.581119173288181e-09
0.9998740079376666
0.9995201151815702
0.9815444288637418
0.5424295845806669
0.7874070082632348
0.7108143460090964
0.9673025089798377
0.9223320308735226
0.9964473257338459
6.481944600170302e-06
0.9995151175934883
2.040740903563119e-10
0.9984941349543031
0.765883660514694
0.6854772280543753
0.024127090081672155
0.9980738573981204
0.8725677303588439
0.9984931364606673
0.9997430330216711
4.897873992377134e-24
6.697906553923411e-11
1.2694158828203348e-20
0.9997290367171832
0.951351189659854
1.5302618428523706e-20
0.9996180729527104
1.7131881017292207e-54
0.9834976800767345
0.9196491871266264
0.9997110417564774
0.7387468309627234
3.168746803843663e-217
0.676485679574253
0.6220262403966076
0.007800924708044213
0.9989655354277615
0.9988107077692236
0.49933253618479523
0.7884037084086177
0.8303134490709824
2.2934428458147e-55
3.6858126221126425e-11
1.564188286921842e-11
1.1386973458141333e-10
0.3092949273023393
0.024586051722531983
0.9149517018163057
2.618503391491383e-10
0.9976138513893916
0.9993701984083321
0.39238059680629594
1.0429004691041743e-08
0.9336160562000076
0.8331029958340475
0.9732298466260862
0.8040595060837389
0.9367245594410555
0.9849326655444891
0.17404054320225332
3.521656050216118e-36
5.78524343869743e-37
0.9994071757897505
3.162884690449287e-16
0.9913337701447813
2.4089724852430593e-14
0.9992462841865699
0.43977194203392383
0.9998130174834102
0.6703294305819755
0.9671206732012483
0.9610210173112061
0.9994241658561541
0.14277590154576242
0.9999580008819876
2.5915702156413546e-21
0.9534569542050573
0.6672823562023903
5.972642115493879e-15
0.808367093496899
0.5940706662171081
0.9945479168486496
0.679453146958528
0.7964722421656032
0.9970443764808073
0.9161263382178579
1.8247070707442217e-05
7.478498569750165e-22
0.7299779140670896
0.9925121744973042
0.7840315634026211
6.140052697955575e-25
2.714635642428702e-51
0.9997630280822815
0.10161612965412369
9.399690319059523e-08
0.730260470190917
1.69165599851018e-10
0.9997920216305003
0.9997010446960451
0.4349479109526009
0.46810670823755474
0.0
0.6859956447756139
0.6691319524245901
1.6997320598170377e-39
0.6271465710739318
1.897786237671122e-33
2.208779635319566e-34
0.0
0.9983503621507599
5.437873169505378e-11
0.9310642428038262
0.998753777181418
0.7077721918421738
7.888149767193642e-28
0.00047095500466881276
1.0727030456909409e-18
8.237453121294949e-13
4.539483467295587e-24
0.9997170400407227
0.16224414667690001
1.1431653333297114e-11
0.9984482052804857
0.981074381667607
0.0
0.9476509885983091
0.9787128392094562
9.846484725620051e-27
8.691276214016346e-73
0.5016628492322719
0.9737438476694389
0.9750963425443105
0.9067731231625704
0.711236695155904
0.7758376458141454
0.822180764460008
0.8718612366658265
0.9874721353224161
5.749805565770235e-237
0.9993172331914071
0.12831501292265218
0.9703358793987933
1.6171706596395497e-12
0.7650538924422434
0.9876913784715468
0.9952513108463406
0.3200154509932853
0.16111369227738934
0.9991233844521036
0.9995341085611362
8.860684535135835e-11
0.0
0.3019901131672352
8.023980182663346e-17
1.1343407825726164e-18
0.9957789338488341
0.9279717393001542
1.1825919305495506e-17
0.99735251079744
3.577917509638282e-10
0.9133848178025911
0.459566327723812
0.9977485383504945
0.17242102041912524
0.9827387128667527
0.8989885328880891
0.9984631821158909
9.696810779888511e-22
0.955350490569153
0.3905442499457125
0.999006493854356
0.6203074728010137
0.8974373195500536
2.0902756138555817e-10
0.982054964694563
0.0
0.99801197873722
0.9253539185494285
2.7182164000410174e-10
9.43862226436345e-11
0.9990984066797157
0.9408100683428531
1.0893754832540744e-17
1.8251978550984472e-15
0.9742259701895147
2.7545302776574636e-10
0.6889455766398158
0.9985889964029712
0.0
0.673918564199187
0.7221141861729503
0.9981347417603759
3.1853708494875787e-83
0.9960438462770288
1.1583272400432081e-10
0.6897831542407881
2.837461036145414e-07
0.998150712044006
0.814012953268454
1.781438213076729e-11
0.23549231470669743
0.9996010795899142
0.6019053933060243
1.3881069743059985e-10
1.2408179067277068e-105
0.9990864175707704
0.5418224035307952
0.8722929148095023
7.74388004564607e-20
0.5787984281114534
0.6211398631150061
0.0002438907936176302
1.466936118989506e-21
0.9948791564532935
0.0
0.9992362917736902
8.463002752007531e-22
0.587250972159774
0.4563400608140231
2.4872669174596864e-145
1.2422742432255298e-19
0.9990914130153469
0.9918493977568169
1.7246648537956977e-08
0.9878405311304383
0.8868282017880383
0.5758782570004528
0.8245669001560593
0.95591813733495
0.9995650945987827
8.586378248523949e-11
1.827302884104039e-22
0.9984252412358519
0.9894262987880422
0.6472963838237754
0.9993252277612509
0.9856509432380801
0.7841585868045101
2.733308146756381e-07
0.9998390129598045
0.24246982726387203
0.9519945204853842
0.9998980052018231
0.6858159374593691
4.5316918497217074e-79
1.5735605689856453e-10
1.3843792399249498e-09
0.999189328771616
7.618207043389809e-22
0.9999270026644351
0.9550639284084556
7.037764840506407e-82
0.9996370658765287
0.7042604738428021
0.9540950303200827
7.901432292352291e-22
0.9720053212496561
8.69536269405356e-20
0.6968277704330406
0.4152223994527539
0.9178576185587863
0.7311387710291426
6.824996394250009e-41
1.3115468064312403e-13
0.9981586972816432
0.9993402177520919
0.997926153397591
1.6720202920097288e-07
1.216266171902959e-07
0.9997660273758646
0.4827381040634609
2.740225734653703e-14
0.6914046679991332
0.5210365948813357
0.9859733037995984
2.244378929787812e-09
0.9987657622986548
0.9993721971507277
8.59884812032434e-35
0.7198582221806917
0.8945504297833456
0.991690714548171
4.899158770260232e-27
0.9793178706795556
0.9941561421540942
0.0
5.787124626543012e-06
0.9377330175201632
0.9995521003370158
1.3120539852196058e-09
0.9453273588438715
0.9969516556653794
0.735565270386814
0.008854300551228577
4.254460461275073e-21
0.9789272007929797
0.9968579466141413
0.9986529081438948
0.9998490113999262
0.93380559949741
0.9996370658765287
1.7852578113772686e-09
0.9948154862247496
0.8623733339930277
9.272153405775334e-07
0.7787166771286358
0.7439443837257365
1.1881172720798156e-10
1.2077838071784986e-12
0.9170374205309408
0.9998840067277398
4.954131772570764e-10
6.693384502743002e-07
0.21893070823157157
0.7244902317927557
0.9995970811935926
0.9259602239094071
2.0279049360648994e-13
8.433632501301398e-17
0.3205955240726678
1.4299921729357432e-204
0.1837737311706881
0.12856675697656175
0.0
0.9962470599487591
0.9997580292796381
0.908917452735764
0.9711289677447367
1.1993371425111237e-11
4.426616758576997e-17
0.9993072400690408
0.0
0.9997110417564774
5.667269924978769e-156
0.7736018062366941
0.9970473676184235
4.3244282276303254e-10
1.0464005547347676e-24
7.174751083175196e-33
0.9999560009679858
0.559761208268171
0.9995281113744764
1.832870044807881e-33
0.9996670554383462
0.9991133932682151
9.358791004196932e-12
0.30403574568448255
1.0134990443129725e-08
0.7406811819873619
0.7609451499494522
0.6763835379485241
0.9887042811584253
0.9931535445022366
0.0
0.7257816986054018
4.468478319342573e-10
0.9943868131358733
3.2047230471490252e-18
0.401762564672419
0.9495728757154653
0.6787068381218423
0.9986199531416866
0.9869587832951431
0.986660766745352
0.9997640278458094
0.9984262396615923
0.07735840855384772
0.9492851987193893
4.18450490599392e-15
1.0194957698638757e-34
0.9995471025890085
1.4748260091482884e-11
0.9993981811656443
0.5571231323615823
1.1107390236948144e-17
0.9992542781888194
0.8768739724130724
0.8062890322104589
0.34560803254659905
0.999697045899864
0.9808046233061231
2.5921474770793866e-18
0.9971351116474546
0.7100698027832738
0.8991899288749644
0.9568716629714182
3.3317933988986876e-126
0.9994191687478176
0.3232342456089047
2.113526065677489e-18
1.9391056021455078e-09
0.9956972833239757
2.418762894696926e-13
5.285450508914836e-63
0.8767871661867827
4.3532534622602757e-16
0.6835011091970937
0.0
1.672473937502119e-10
0.999310237995258
0.9570190325546826
0.9997840233263204
0.9958765249662379
0.9491371217786908
0.899381476728937
0.7461250988565873
9.639679708541168e-31
3.396523137945097e-14
1.9823869994635855e-18
0.6398733582136401
0.9978014204243897
0.9231754277233871
0.9883316098973753
0.9334106832594955
0.9755693789725058
0.7480084532014943
0.960964318743809
0.006421163160775984
0.8316371924770424
0.9419180537147737
0.9946613017739884
0.8630885378979668
0.4586407752774602
0.5835658384177138
8.348750082558297e-09
2.244607813816025e-41
3.526673476812807e-33
2.5254771696047416e-11
0.6969371809815018
0.9988546564072285
0.0
0.9988147030200453
0.519164754573456
0.9276980280114606
0.0
1.0494843547965466e-21
0.9964144435146564
0.5387309488245517
0.5554625993899198
0.6469249423133724
0.9703164728752712
0.5371021387744439
0.8953451433656016
0.8740803271985617
0.6893252902540383
2.219599483759402e-19
5.321388693571246e-14
0.46466990834587746
8.242362762736599e-22
0.0
2.2583353606667482e-32
1.6321398624082872e-21
0.999202318317322
0.44069819627773127
0.9851838553995483
2.6537678622786065e-05
2.933546272075993e-11
0.4464776213850106
0.25598203826281357
0.9984591882711501
0.9990864175707704
0.9843271181800799
0.9374461151151088
0.6066125468789539
0.998484150062878
0.8172649013638716
7.389963803767405e-09
0.9998460118573913
0.9984472068327797
4.797663026812838e-10
0.6691352980927164
0.9844905300445073
4.8001794465676056e-14
6.872027812243843e-24
0.3803912312385348
0.9269357735619342
1.274888080695294e-15
0.9996480619447317
0.9987787463379607
0.4435405720082943
5.259788605883096e-09
0.996556940968404
0.3657584997929695
0.9933283549089336
5.206323424300246e-10
0.23765862112926026
0.2003310561803216
2.4818799116683954e-14
0.9991373722774005
0.9989605406125714
0.9941352650943189
1.6646900166952361e-10
3.9119341919814854e-10
0.9994131722507946
0.9843566484365769
0.9823692725698432
1.6670046528402503e-15
0.9994021787663642
0.0
9.569949513364593e-10
0.9810498551146485
2.062884278794366e-23
0.9682451206009242
0.9997870226828894
0.6860175969874802
8.546010628469744e-17
0.6864286446245527
0.5041900493221102
0.28101056850993567
0.9991663476813378
8.829524908509817e-13
5.5501493480031915e-09
0.9996220714329992
0.9991093968226349
7.54639138424383e-59
0.9984332286697314
0.0
2.706242724397952e-282
0.5013870105277913
0.9906143230185633
0.9282436748563826
0.5072070378845743
7.421018066799532e-78
0.9512760358844842
0.9036185189190241
0.9976657286584611
0.9998970053043179
0.828252681713957
0.9996590581338919
0.8180457621463507
6.149194040679077e-11
0.3537899158730461
0.33271866364860153
0.27023725057132264
0.0
0.9568132955802006
7.820909012594282e-30
1.0370435556333861e-10
0.9974462663398965
1.2560418864686082e-69
0.9997790244187011
0.9991713435255659
0.5358666157996332
0.9961006223943706
1.6243318434484026e-06
0.9969097845751405
0.5558020907421936
0.5320153163092166
4.627844069558394e-12
3.6076129595531013e-68
0.9429830227096319
0.6385623228822598
0.9425908233553064
9.009936491565273e-11
0.9794882868148277
0.9187033548272483
0.9795784038825361
0.4835942743266845
0.35090175323867223
0.9993871878461148
0.0
0.9996810508750902
0.7796867831573565
2.133307426859719e-06
0.9968200667318923
1.4848933179955925e-10
0.9992492819299191
0.9993012442435879
0.9467057046868187
0.9993761946475113
0.9989995008333746
0.866164876476766
0.9997090423363932
9.384424950543994e-15
2.231103749255064e-26
0.8818731977800963
0.43184221522070293
0.3716328033387633
0.9918285691381653
1.0351525808328075e-09
9.649755525633861e-17
0.9960308977911925
8.612179461680342e-26
2.164044511679039e-10
0.9989475542099553
0.9899736028468967
0.9286559065566842
0.9373355029997683
3.5426712144086555e-11
7.553857937449729e-26
0.6355465129001758
0.9979660712420786
4.1259148082127124e-19
0.9953130183405257
2.5100084406041807e-12
1.3641243170867394e-29
0.9988876191547723
0.0
0.9992552774435972
0.784305238171718
2.1247365897885323e-09
2.019257809654757e-11
0.9996920474271307
0.9945220589389658
0.9996760524823317
1.5430826183626097e-12
6.014702749135652e-10
1.0381797402743689e-10
3.167202692365279e-19
0.9396582816225326
0.27162522827525165
0.988950499177305
0.9969406892574824
3.0141655416547766e-11
0.9994321612814626
0.9966745416257407
0.9997820237602734
2.6224948982989726e-12
1.0962789514552555e-18
2.0513738593018844e-08
3.1579024417320595e-11
0.9980169688095889
0.9107680722766766
0.6972439008145486
1.6912346713296193e-09
1.8733281415766456e-28
0.9410547107627587
0.998737797248823
1.3166161599011875e-10
5.389638935938889e-15
0.9756318174107689
1.0132994046663937e-08
0.908038954381379
0.5538679378410563
0.8780427467752463
7.715643080778275e-09
1.0742762821159105e-13
7.114222361605664e-10
0.9530117937604977
0.6022678494411449
0.44751107185404937
6.730857707290389e-17
8.255763651932506e-17
1.7076421476102445e-06
0.9945658188722707
0.9908312913124654
0.9994331607141236
0.8767722609316525
0.8636972298558887
0.9681618551010203
0.7303751300853032
0.9995251127946402
2.7366970688928378e-08
0.2596281146842121
0.9393463668537506
2.1186497022921953e-21
1.1023990834034132e-30
0.9888911639274297
0.9196188392041946
3.32237822687745e-20
0.881203228770255
0.9994281635608129
0.8630108634249597
0.7048410236269113
7.67771820976484e-15
0.9163489839684079
0.9990504511071381
0.0
1.8588899117283179e-16
8.420120303077141e-12
0.9697460944968975
0.7875700183849108
0.9960040053200021
2.157035574559547e-20
0.9995151175934883
0.9997080426278507
0.9530880377537175
0.7539426310571337
0.9918880806376408
0.5265294571343857
3.861185388724708e-24
0.9997930214230217
0.35962947991624
0.9994901300278943
0.7413347509714278
6.98465323881842e-36
0.9998740079376666
9.105649298469016e-11
1.6100656103568128e-10
0.7125643892823078
0.3169142647142408
0.0
0.9415554850630374
0.3326248502137686
9.537035318399774e-18
0.9965190725241522
0.9523373002094073
1.3168373699971815e-10
0.9995251127946402
1.1026670508943274e-09
0.0010129180047325445
0.6047954362670677
0.4084609348406637
1.3701205709391843e-08
0.8859737113320874
0.47614683282361586
0.7859988104315035
2.8437682547080132e-11
0.9775136725079766
0.6219827000837086
1.8987812383118255e-196
8.322567216275398e-19
0.052620684241777606
0.49855069483327613
0.587616943503666
0.9998680087116166
5.5129753313796576e-05
0.9839747921418952
9.858299122629538e-07
0.39523292671204363
0.3855802254914197
1.0625288176602219e-08
0.39577516267238255
0.9998600097995427
0.1892566970447639
0.6302933078020021
0.8198039931833008
0.9975140949921557
0.9441889254203552
4.151891152913929e-10
0.9917105485608015
0.902395847379835
0.6723851249603552
1.2917269227686093e-11
0.9994961269866653
0.9918424548353328
0.9998770075641898
0.9998020196007064
1.0471395250231532e-45
0.9324758741724347
0.044201922295312925
0.9998350136117513
0.9873269875871435
0.745849083635975
3.0876146564176486e-09
5.426569350891312e-23
0.0
0.2435994502310822
0.2502046740171789
1.0285166112195008e-17
1.0914135814571928e-40
2.377578781006185e-07
0.9939165793923074
0.189084929957906
0.9947229726864769
2.833774520644105e-189
0.23406626967025515
4.710300238769218e-07
0.9997240380844962
0.0631052696653769
4.2146325792545593e-26
8.560745305745236e-35
2.6286334645589166e-12
0.999395182975598
0.9984022777193848
5.5834219267037666e-09
0.9814305763135692
0.08393706392052828
0.9997010446960451
0.47895626046975825
0.29858966679048343
0.9910304684186478
7.235888193053634e-12
0.3781607156674018
0.9964552973443382
0.9819204323800738
3.330691775922353e-11
0.40191646920552526
0.8404716975917073
0.9174437581053635
1.1441288158713802e-16
6.6828755615542775e-133
0.9860502127167035
0.9992652700463346
0.9969586343513944
0.9737808506387023
0.8010483273207613
0.3683690463434679
0.9995990803897542
0.8373467643197632
0.999883006844233
0.5965161280534749
9.620018924285223e-24
0.9987627660058623
0.0
0.3589899088291246
0.0
0.997357497572461
0.9993432157772422
0.9995780890294761
0.7661004362629413
0.7770224778585835
0.9769419942417559
0.7447311486713574
1.7892127952873496e-08
3.616620151649051e-10
0.6697632414617264
0.9350970109957193
0.913022275999233
0.0
0.48537863592391534
0.9995281113744764
0.9976687216601366
0.8663658500401404
0.9976218323321264
0.9994011793646851
8.594301134724502e-25
0.9880766532328458
0.9993412170928093
7.026903988734888e-13
2.7410770577740415e-10
0.9926094454566041
0.45136497930841873
0.9986579014209187
1.1367521543702008e-13
0.661626554029262
0.0
2.3585281139832827e-08
4.919226953617968e-15
1.4844300335917618e-31
1.3414455979964523e-09
0.9940736306185716
4.6486799701745577e-14
0.9950453151462859
0.6832086333166606
4.824596107198197e-11
0.968999677411592
0.9890414868085963
0.999703044100134
1.532218875042714e-10
0.8498928468276777
0.9990984066797157
0.9920180264874716
0.7125508506875285
1.3514822187100063e-10
0.9904429615638743
2.730271159095631e-10
0.974588449667428
2.2864693514219435e-20
1.8643146168878967e-16
9.73591998911929e-66
0.8212095209144307
0.9980768516241839
0.7611323654829063
0.9870594582253733
0.1191565624190769
0.9965190725241522
0.6542380519155045
0.9552339449187328
0.9345277102856844
0.0881269403443662
0.99818265337785
0.4838085540496655
0.45172892613260873
9.600518569513157e-55
2.061089391598582e-18
0.980725181349078
0.9992692671154089
0.42581853399674763
0.049262161886071076
1.1704120156486495e-09
0.9990764267565488
0.9944981906959715
4.790712347545752e-12
0.36705374408521907
0.566234486199719
1.0585996289593976e-10
0.0
0.6286560450915981
4.027619799083648e-17
3.951844998006592e-06
1.1841858450923611e-16
0.4933669802541244
0.9943967570537241
0.9993961823712807
0.9994251652808197
4.966835102416136e-09
0.9992282979153315
0.9991373722774005
0.9985550449542714
0.5405014279503897
0.9093920315003734
0.986425969424856
0.8738094042923502
0.993322394956684
0.9994381578924201
0.06564715598762251
0.9950483002867091
0.9988167006514489
0.4680318171556831
0.9995461030424057
6.996966821624327e-08
0.9707920444525011
0.001996463327548694
0.9382592333327265
0.7346184721874865
3.671821755099381e-10
0.9790701345982094
0.9672996070766636
0.8609670885203757
0.9988047149229556
1.4916976889157048e-20
0.06640213960845492
0.6797440151467783
1.3426656512784078e-10
7.971868683028303e-10
0.7014918482242586
0.5159698218488121
0.997156051704669
0.013280413478358297
0.8916291357086674
8.97722687104662e-11
0.9996180729527104
0.8141244806825052
0.4925343867476211
0.9911355232161061
2.799150232749246e-31
0.9551766326014244
0.9953408874952056
0.311638006607186
2.1382782089673077e-10
0.9814325391766847
3.380346857700167e-25
1.6599359974447865e-22
0.9998040192067451
0.870040949543837
0.4907727938182316
0.5213972769866089
1.9840864943070075e-28
0.5580503989391572
0.5272592056667237
1.3237373593995591e-33
3.808083064853113e-10
0.9971590431773113
0.9994051769773977
7.546314526660879e-14
0.0
0.8749434703725923
0.9428387573437392
0.9981936334474274
0.9988526586999134
7.830832763827681e-20
0.9923811715366562
0.3895511889883774
0.9994831336214716
0.9999110039603825
0.09171457226203165
0.9984132602048433
0.9995880848603454
0.9975470135004428
4.300765869080858e-12
0.5528497578482846
0.34861225207472485
0.9195599854818248
0.8739937975294583
1.7604543514033697e-10
2.2588951836131565e-09
0.0
0.9993092386855196
0.0
6.02653157841276e-07
0.590516323620676
0.950644598257149
0.9990844193999334
0.9987947269257464
7.777608731382893e-10
2.5065614154151703e-20
6.198670086637136e-19
0.9179998975159973
3.5512855826611804e-18
0.9943191971315503
0.0
0.2177272818577732
0.9670645818288681
0.9695347128897296
7.075442105171572e-10
0.9985121080104892
3.83322322714274e-11
3.398818461426516e-20
0.8354564974385368
2.2260144492332995e-08
0.23220910467509462
0.9752484694393367
0.9978992097551902
0.3502472308521453
0.9990364644987291
0.9857307841979976
0.44855767967990523
3.7479268978646637e-20
1.19425185903372e-10
0.9995540994432156
2.201052900354706e-09
0.999420168167486
5.329069775785843e-29
0.7799316432482903
0.5255016230960331
0.9793129741024437
0.6547210578050693
0.9988626472764431
1.634150074282395e-09
0.9997610285582248
0.9893491265464933
0.9992752627489985
0.9330504562640402
3.1607880989644743e-15
0.8428788872872637
0.9470816214661227
0.9842641232603753
0.36815030010400474
0.981004727859248
1.1444803301995676e-18
0.3449675239016604
0.9911087629182449
0.0
7.728779276945475e-10
0.4920017527481179
0.6274853216767429
1.737887591433237e-36
0.9998360134472649
0.0041868190917826375
0.9250680283609056
0.999420168167486
0.7996525165386998
3.500910308896772e-11
0.5015825895973367
3.3388956744647465e-12
0.9995251127946402
1.597216858137889e-07
0.6287402906459665
3.5576664449624704e-09
0.7275722297392188
4.277974003158648e-38
0.5936585242045737
0.9616314594520664
0.7161712246775114
1.946531813444725e-24
0.5148101948192781
2.141546053155468e-11
2.2389671168135454e-07
0.999653060197537
0.9548032315427414
0.9959113812545932
0.8873924039216359
0.9987857378136552
0.9203447047846427
0.999408175197426
0.981210760484767
2.3093334426766514e-10
0.8885458756720346
0.99986500911209
0.3668757661824679
0.8428814159277185
0.0
0.0
1.658456689775495e-05
0.9998550105119919
4.266462667473484e-33
1.0703740200708839e-23
0.9880223105113565
0.7361097901343585
0.051129686568448095
0.6987634542203655
0.5343495853505623
0.6868722207886552
0.8274298075845282
0.5103977271691352
8.627715413784334e-08
0.9927077186561475
3.1885199287395992e-09
2.0261043905441878e-10
0.998924578680428
1.1385322466689678e-10
7.552947141383814e-09
0.43677241893888813
0.5322909716316294
0.9946662750929305
1.2166491298131796e-05
3.811412784327259e-10
7.213545171900815e-81
0.994701089021799
5.385653958262884e-08
0.9997040438036779
4.3604516914803345e-07
0.9985650305546488
0.9993821909226679
5.017526664271005e-12
0.5232342596502711
1.0772535219378798e-19
0.8772668999619126
0.5270209383582306
0.9990814221511711
0.9987497821742993
3.114603799178502e-21
0.1640455739209921
0.9991313774711513
0.7092522733578287
0.9842326273123688
0.770785618888395
3.3611222794290764e-10
0.9228975937357552
0.0010026237149134871
5.446188077768864e-53
0.9996260699292818
0.24211656384733155
0.7961107258380759
8.5028552846853e-11
2.056184954408168e-14
1.961680006507173e-121
0.6617304375528877
0.9434555755686164
0.9888535867771708
0.9969057969439774
0.0
0.9989325701090231
0.999750031247396
0.6091139005148023
0.99801197873722
0.9976856821725688
0.9994191687478176
0.8136231344329029
1.922137478654168e-09
0.7457618243979546
0.20724429758780674
0.5759082034484178
0.8678208323252475
0.8314384549381222
0.895278890276387
1.811240428090142e-10
0.9993821909226679
0.7823054607007878
9.898199368465906e-63
0.9943649368666241
0.9752474941913549
0.9979471100668568
2.6076197627575864e-09
0.0
0.19525595331448084
0.9986499121896644
0.6634213302909663
0.9946503605598457
0.0
0.9976477708369662
0.99491397783314
9.745305422181039e-18
0.9991563560678192
0.9686896471223122
0.10860183225843444
2.976739729066823e-07
0.7172792816982412
0.996575875730162
0.9996210718114276
0.6392382793377808
9.731080418295272e-10
0.9878711546615656
0.996596804043299
0.2887592450989462
0.9997810239787496
0.9899726128737889
0.0
0.0002340354402534526
0.9169906528150807
4.793788972363767e-12
0.9992073143414036
0.9951458197985152
0.4699532769332176
9.753155141780968e-09
0.9928655717324008
1.037280993130069e-20
0.9991713435255659
0.6863689279301842
1.4838259254369679e-09
0.9804398318416724
0.44416995866908426
0.0
1.9534901706384159e-28
0.9445317282152258
8.478992051593358e-17
0.9980948171692026
0.9386533849767775
0.9994041775727205
0.764126444681496
0.9131756766268928
9.106095486216158e-11
3.965157793770278e-07
4.0167847408023175e-19
0.9982625111843898
0.9966396586272398
4.670191680570619e-12
2.48469480457641e-09
0.9989895108883161
0.3042313035340686
0.9042892526715107
0.9992732642004716
0.8162913019819569
0.9925697418728628
0.9420480473755426
0.2834544043403593
0.9991293792103946
2.8925407113733086e-35
0.9373626861235087
0.9157709501483733
0.09383278160157081
0.976772021122848
0.943728273632928
0.9993801921602848
0.9343884760300615
0.9948672179750471
0.8172362975928928
0.673875434791234
2.215956037334894e-10
0.935433706521236
0.06159411184150163
0.9992302963739258
0.9784437301828607
1.997132997688253e-07
0.024369400781845203
3.9490786633317636e-14
0.9434253854732423
8.159696893930882e-11
0.7952243522912233
0.0
0.9995540994432156
1.528489154624983e-19
0.9989705302679257
0.0
3.326870335689977e-11
0.07498793837842575
0.9041391531141751
0.9994431550957026
2.111063474671635e-09
0.9969426831408548
0.5706193095463996
0.6161603751895123
0.9945419495790504
0.9593953852147569
0.9990954093889917
2.1251700802673745e-09
0.6424861621207189
2.9933159606020176e-30
0.9997710262184987
0.9625954970766292
0.9971799837370932
1.0010004300370713e-10
0.014481924404381886
0.9944882457637891
0.8166693323620544
1.0795561915551677e-11
0.0
0.9745923480290234
0.0
0.9920319148370607
7.122697299649316e-16
0.9965041248501721
0.99148148988138
0.9222029134276324
0.994496201701579
0.43850502838283145
0.8907441874264477
9.571328575397059e-11
4.060378930592378e-14
0.9586569351079182
0.8470563988051976
0.99962906881199
0.9109538879159718
5.678408884643865e-76
0.3901933084368555
0.6339082823962766
1.5357731422046048e-10
0.8844706044691191
4.031276474279501e-33
0.9991653485154898
0.6061407858563158
0.7977539997879509
0.9997230383609579
3.6899869812897677e-10
0.9612564963054464
0.9826885944704266
0.9065881603122974
0.05480082666577869
0.9384591038348793
0.43046554205583787
0.049089702069382804
5.96141813513753e-15
0.9807094898717086
0.9897904746702487
0.6768646176475722
0.2841713152429951
0.9998810070802191
0.24787021411094493
0.23525058824727693
0.9991413688348827
0.7747824490025029
0.8763585220745442
6.596920372709646e-10
0.8834602321060164
0.9886805525404222
0.6491587403286095
0.5902807546066948
0.969579312512306
2.067666831301613e-09
0.9113438596279931
0.656695393781302
0.9997430330216711
0.26166427239303836
6.056996335126607e-11
0.4795673191689986
9.876547653719654e-11
0.9971520630884394
7.758227785382137e-10
0.9993202311476036
1.4391473741563543e-09
1.5820746350207406e-22
5.883154060445192e-11
0.9990304702979247
0.996842993857088
0.9274522206049575
0.9939454033910557
8.881370111575558e-09
1.5065886952173343e-21
0.9989535479132616
0.9772282801849113
0.9781991498241337
2.7592807867697803e-291
1.2150774710567441e-09
0.9944345448484557
0.9650503527392731
0.9998150171114448
0.9997130411805603
0.7740212120643865
9.844432518189663e-33
0.9987907317548291
0.9977734823757523
0.9932647839285125
0.9995071215045319
0.9934098111736973
0.9915875840767355
0.9962341088211623
0.9992562766993743
0.5830117141219322
0.8215758620487589
7.425378074947351e-71
0.0
7.520108611670805e-17
0.9980379273859982
0.9997900220484566
0.0
3.3178863212028006e-10
2.2916120247143197e-27
0.9995650945987827
0.9977874513022877
0.9997130411805603
1.202449521257423e-08
