0.8929880579793215
0.8784681356400507
0.8871074543316412
0.8401512504173425
0.6569234985741144
0.8375510816641094
0.681650274156708
0.6793101504128278
0
0.17917079197945782
0.02671841637665195
0.42798241208792787
0
0
0.7145669467564497
0.29678170532580667
0.6061213930212642
0.35927223499817645
0.9819662012563952
0.8329857624762373
0.9235538126111494
0.8062347208698541
0.7803921879577743
0.15559796632130246
0
0.8873719009357919
0.9469901748475525
0.3072368886824533
0.14771326152781844
0.026026422186152344
0.05032894692335364
0.20350229014281185
0.07142312619372823
0
0
0.6564252496449041
0.34646959816507455
0.5394657845125562
0.5006805131675038
0.751677949623852
0.9269742970279181
0.8960818053881952
0.3108744144219359
0.24064898522527836
0.7535226374109848
0.6187395387370203
0.6813001030647049
0.5403737853060449
0.9864077380272009
0.13411964936673412
0.5368759527966972
0
0
0.8506385099931886
0.30581369327011254
0.13866075472379
0.05688904554189907
0.13020843750873445
0.025632448632832455
0.701355446376684
0.16603391299694467
0.6105393157149447
0.3742062244323089
0.08491116712774983
0
0
0.13973061081625254
0.05769990260971822
0.9646779047333148
0.7526203441112037
0.7537537759366267
0.7993975021795269
0.5557877418269073
0.5018095498039797
0
0.33779244248488943
0.17375499713883735
0.21588352711795855
0.2361361138417435
0
0.1420403635747724
0
0.9685245278336122
0.9549024626840974
0.2615270770999123
0.6835804010945102
0.7124681019447103
0.9413808567188864
0
0.8853383100006811
0
0.3976448795429581
0.25796647252036137
0.8402391934320219
0
0.554800595314998
0.8926342010670425
0.8819043879177981
0.2841646689160934
0
0.6871672542817285
0
0.1602655795783915
0.1325622044670787
0
0.15045527735244701
0.17564348138223929
0.6388544811114812
0.5900798046721761
0.8456720483384186
0.7094829110718355
0.6869870496188029
0.8861706766233526
0.6919339124956008
0.5688434568624574
0.75
0.4933201759356804
0.12875588801356838
0.3178437673442912
0.15569948262639466
0.11196458021102276
0.16768675629289864
0.3897647320211007
0.20967654372606595
0.07641690823797334
0.22221097999883346
0.11837244577184418
0
0
0
0.9308661395108894
0.9404438362983907
0.9896516022906416
0.8067207943286876
0.25312709288403185
0.9506938216456062
0.8174630054868204
0.8504053842793935
1.0
0.9118433490646228
0.9118433490646228
0.6392388176979316
0.736528021058703
0.5725366747250495
0.7871672542817285
0.49001033331821375
0.7566009282101636
0.9566253710178919
0
0.09516383935656961
0
0
0
0.05926454606091562
0
0.05970465269419284
0
0.07973023924550846
0.04310667545594481
0.04641702578769859
0
0
0.3417457771664931
0.26302727729651987
0
0.8536123333915625
0.29859451081525135
0.1115024934121187
0.7094027529182311
0.2632818711681347
0.5474734305298921
0.75
0.5930586189692193
0.569300666903577
0.8253458368302589
0.8144734123314752
0.8810630967300517
0.45528492089664674
0.4463588264365902
0.41630598327005963
0.8982340600718746
0.8431060660547067
0.7567911151874707
0.7450299987240736
0.6535619958573846
0.6876805002774405
0.6341837673750805
0
0.03147739178664724
0.11501377906004638
0.06285018367260595
0.8125623351335957
0.06192619805503802
0.16847192268175146
0.06215133107980905
0.15368492258091612
0.09136409245862309
0.0502077582187231
0.025584541014980835
0.04164455974178373
0.12883513345750294
0.04456058692620808
0
0.12421034421621513
0.1671016202490543
0.2141317503570769
0
0.1894490653744148
0.48019759966269215
0.1276836224744159
0.18205751944484833
0.15230334758924263
0
0.03762336098091265
0.2904218853885031
0.21322531617485319
0.08005210147221342
0.643060052939632
0.6161151461740955
0
0.2961093231035928
0.8200015714642765
0.5121682331341573
0.3743740990270854
0.466546263448673
0.17737000900977207
0.4789050152367194
0.185184800234173
0.19629523473221744
0
0.0391571180392459
0.6418954595901343
0.2834720720777749
0.43135158928767425
0.17302945532433178
0.462643903540785
0.21928132146613896
0.08988938530479973
0.14632505386304
0.024676132877776244
0.59856124310889
0.2867694219884057
0.5523767289988554
1.0
0
0.08641068378282488
0.1839199085599165
0.25339673513263195
0.15311526771513437
0.02019947710537416
0
0
0
0
0.06172813151158965
0.04649158464258524
0
0.37059592175803346
0.8005943499091018
0.9697864274050685
0.9240509501871081
0
0
0.0938980907083579
0.11959496375845109
0.1942462186845493
0.3897646502245178
0.7015229299506186
0.028133971064765003
0.046590431136966745
0.29187505704402567
0.08395586596810771
0
0.45897968196964667
0.45946943180100297
0
0.21844109803721395
0.3330009601739955
0.3571427520566514
0
0.16678016816814392
0.1552977102979314
0.06593225932395871
0.1642672127782832
0
0.27563405892023346
0.20880152123801993
0.21573471471889716
0.7524979260103173
0.7561098723232981
0.20481078818457865
0.1945688867378008
0
0
0.8376326376107317
0.04693353139671237
0.8339234197361227
0.809908066917754
0
0.7173520467266653
0.7204683890376669
0.16831834281809474
0.7002902984182812
0
0
0
0.08914387162686593
0.30829785744137106
0.18369501568477886
0.38285000056728224
0.33125834996527515
0.3253205189601732
0.24125284305129346
0.2663491167327161
0.4324287755338001
0.23097548990587516
0.19237668473431707
0.22973799258460054
0
0.2633882039240689
0.07156050438619399
0.75
0.639955162118384
0.6339544073178458
0.10550389972058746
0.4081046371702468
0.12528127377418788
0.42010765483785567
0
0
0.9442677657419254
0.14660631371248767
0.14506527957359805
0.6265877625117363
0.8839126971422957
0.9045392311534095
0.1660013976470936
0
0.05895004995850678
0.75
0.49087271943024086
0.5078791460145942
0
0.628758746300466
0.05740275719513151
0.13112257201100042
0
0
0.11481783350060298
0.2746619665332174
0.8993629740656697
0.7466562206599769
0.7830016680160832
0.8485448668998746
0.3169244536572815
0.2400419863109495
0.25269941554124936
0
0
0.5642343851109677
0.1547346795915202
0.19994729305724684
0.04510112261154288
0
0.2576040564893578
0.4132334300818836
0.9507162012563952
0.8566605141920379
0.9325185831600621
0.7311881036079753
0.5906661013384621
0.1901626041542162
0.18944911681083357
0.3608813539312056
0.8487612851109305
0
0.1512643826920817
0
0.11093493658475005
0.8685718421095755
0.07304114832025774
0
0.09549671739728194
0.00370132401799444
0
0.2113774168459355
0.6751948635759482
0.12174392106195886
0.6522601139563767
0.21148583236947388
0.07069137422811897
0.22290471001831733
0.26612956021628476
0
0.8702269067925732
0.7856704870921819
0.564516333889288
0.7454751062168969
0.7783026351734661
0.03304121344403756
0.20573838695403712
0.14756883588800168
0.11506527806147432
0.2124430719704184
0.09678765607683103
0.29497853330475926
0
0.8252042856829708
0
0
0
0.2125107015287912
0
0
0.13140457869719455
0.07790029134907685
0.21079388283234635
0.6485993627697769
0.6485993627697769
0.75
0.8167485127589451
0.8167485127589451
0
0.15073322656839855
0.5511894724371224
0.8545634848931484
0.6417534967209434
0.75
0.5477299776068232
0.2691831536258702
0.3142601324794798
0.34011746168584267
0.0491127458152838
0.13156176715280316
0.4711758951031013
0.7271208861689753
0.4535997958132494
0.04011154590024021
0.24313769562001486
0.17577184477593896
0.7988180627707054
0.0573040812196564
0.08446852980064765
0.14074436299611898
0.40070807599237
0.35279465050694025
0
0.04462541201147126
0.01174196373920101
0.5810560648071779
0.050125859303829706
0.06763948704863687
0.2512917861014511
0.1253997248735121
0.18990735794492597
0.8812582582980608
0.26113766231127766
0.21323213809722646
0
0.13608383968957816
0.8799452968745749
0.1600546608699212
0.8126294110123956
0.6430562771088578
0
0.15538493965491665
0.046666263665402094
0.033839526944432735
0
0.023567251475172364
0
0
0
0.2716238872987957
0.75
0.5277232831605644
0.5491210128204284
0.08554293695730153
0
0
0.05514670118766894
0
0.12507960132460313
0.20054939748371964
0.8074571744774913
0
0.23112014304289152
0.07505381894844138
0
0.05306920598827901
0.32148006809060375
0.057877990720391
0.02871649072571692
0.5188350350780381
0.7593167373405942
0.927250598627974
0.9182940085193132
0.9135734474856311
0.6414014498005511
0.6348987101591065
0.6420575723444644
0.869784374956666
0.8418438156002535
0.8602961508063056
0.8551617890396644
0.9582585609090221
1.0
0.5573710200123664
0.9055549381146004
0.8641088696350351
0.5538175240859607
0.6837785310811546
0.4350040487380216
0.6582199998531858
0.598638349529692
0.6184433928828377
0.5280344623866368
0.526948454471102
0.526948454471102
0.8158859957245783
0.8075468389434652
0.8195178641893566
0.9092327768301214
0.2822790043500766
0.8627939580992146
0.5723739609631472
0.9583911146901171
0.8154642861921946
0.5119465297012609
0.46530759348095996
0.3843878759368541
0.1696136929736572
0
0.09897205973901835
0
0.2087828355532207
0
0.16099607914145156
0.3510138984729789
0.3301491873655277
0.11368031322638167
0
0
0.14452446087962004
0.9756996210834905
0.04989342455626071
0.07960292912473986
0.3448445129474676
0.6677112122395359
0.2795326474813792
0
0
0.6839308833734087
0.27214333096059506
0.6399514640230712
0.9149842301358565
0.7358042361660524
0.8899574794458598
0.6878411302103751
0.6620797935506086
0.8216517263020089
0.9735324907352155
0.8446149379748698
0.9606287078455923
0.6218435738621226
0.3006978282612276
0.0832005675134885
0.07009586234267735
0.2918971675320676
0
0.10293053717691455
0
0
0.805362984645031
0
0
0.7962706099360418
0.769966214248154
0.7886463755077957
0.7618722374007227
0.9639810452624606
0.8321360260063518
0.8555754146077816
0.8818887838094172
0.860535317628999
0.9267424731170804
0.9018134040572169
0.9319862147170568
0.9008808696189486
0.33854671340962156
0.012981972332289697
0.05959742303876087
0.14359163014899212
0.24834030902361132
0.15778396571974476
0
0.2804729512436781
0
0.8145567510036487
0.2613668522241136
0.253407214160928
0.8814759339340135
0
0
0.2480414652864668
0
0.5866698973860878
0
0.6968104172163017
0.44832946054027645
0.2182484199555466
0.04334178570366174
0.20144206992212005
0.01425017788051432
0.08750202032748693
0.1745523173163418
0
0.8525347289930438
0.8506188998100245
0.7227534494862917
0
0.02812104490687193
0.06993246159721865
0.1209821500298109
0.6601863347882287
0.5506361250447003
0.5619220285089415
0.8355767822757958
0.01616103839537259
0.39228281284362615
0.06948605004097375
0.13767040324972774
0.4961359772668055
0.20786132908007968
0.11021935243953174
0.580041689793832
0.9272986186921331
0.8450023552794744
0.8413077762546145
0.08473208198245522
0.21257561778739759
0.9135570279410441
0.10061678528893502
0.3063213306132534
0.6583769996371761
1.0
0.07244508087823771
0.03190827376025804
0.15819395419325089
0.26658685040974406
0.07065859523604748
0.2625411529564393
0.16703255915746865
0
0.20294627872133628
0.25840901475273925
0.20071892079677237
0.6993439242539181
0.5928359800354246
0.75
0.1412210396904856
0.05340789313398704
0
0.16208978580856798
0.10851058738589488
0.09144872190633528
0.8573422786007545
0.10272674855758118
0.6653659927421303
0
0
0.18710356592668081
0.1806652415770387
0.11182911427333181
0
0.1041829074428744
0.17762394069025064
0.0705994643746202
0
0.3129656090018307
0
0.39142648309734707
0.42045704143125856
0.4079354573872247
0.028211172589400698
0.2590692310642244
0
0.677130666863349
0
0.11315146311473774
0.22700538462006892
0.20732639909811834
0.11137706302253188
0.15179493364524105
0.194411269595324
0.3600504749924075
0.1393676219425529
0.2941499880937879
0
0
0.14235773464674364
0.1438908427072341
0.6575279341983483
0.75
0.44549570276350636
0.8987631685106219
0.7722076526317854
0.09071228707874358
0.09444601409780204
0.058551526380081875
0.19239160307526115
0.011502604866224213
0
0.05650686566180733
0.05599487650602712
0
0
0.2284190143449493
0.8472960115884016
0.8732707110823151
0.2237324184039457
0.6819841655591711
0.5147387132206164
0.9158632229146395
0.924564854178177
0.9191689458814074
0.9126003599078697
0.908131421412233
0.8773920767370338
0.5978056517372206
0.1949053391319213
0.5106251367976036
0.5251423258407492
0.2931110307599453
1.0
1.0
0.575685194847529
0.825685194847529
0.964023290890861
0.7891608001568211
0.8154523184249421
0.45480843243196745
0.75
0.28979905168241166
0.15049689761079138
0.051926878994136644
0
0.45905302933170505
0.7809981635147676
0.9212661480283099
0
0.9371672542817285
0.026473712106141196
0.07493298491454575
0.7619189570034159
0.29214349601452705
0.23426115967189287
0.21429896330732962
0.9116331364957506
0.47680008360670556
0.5615942543323504
0.4661376711228913
0.7578721384464702
0.7620213445370138
0.76929507250311
0.4074412773389419
0.08401251718696956
0.01838798030108958
0.09465626725095855
0.1381700574989217
0.16474742646572216
0.75
0.5882097791568743
0.6782778841516303
0.6591181982574953
0.49041838802292637
0.5466786122693474
0.32986331921936407
0.1970109741382762
0.177597109696519
0.28040331257729295
0.381523557563634
0.027810639641909968
0.2646678164782507
0.08839876048676441
0
0.17900802519695852
0.2373924629749675
0.8194204007200828
0.07511754198800011
0.2012632610049974
0.17462141932115416
0
0.16691793224366214
0.8842367419333529
0.2929121639855455
0.13549908672981875
0.3243823653381546
0.316854002140463
0.3486148674887074
0.2970162098179002
0.47555056273357077
0.4200357453606495
0.4200357453606495
0.7268534269070666
0.07217531489796421
0.4261155594660051
0.8955964735688738
0.829922023919099
0.8630561017746985
0.8222099835379476
0.8824105524901903
0.251887167384073
0.2905682630890162
0.08341615613569749
0.2703457185784181
0.08657940814773613
0.16965480380023346
0.1225419451079727
0.6871672542817285
0.4459177128585329
0
0.06496950113387981
0.38303408255469246
0.07986577290230862
0.24468236808878463
0
0.09522377783073639
0.03881710030481959
0.7658312295256244
0
0.20870247163751157
0.1878986886998248
0
0.1055136006719544
0.22684331484346926
0.9576986360696791
0.9175555765799726
0.909227994610523
0.8534658879376826
0.6903950194618743
0.7276040019177483
0.7276040019177483
1.0
0.6253096908952896
0.8728751409292371
0.9610812040520789
0.7936657990637341
0.9413786299082605
0.9304727212782078
0.21186988929786144
0.9013616105073475
0.6488349182529859
0.647177659436488
0.6440042396502004
0.8316410360177576
0.8316410360177576
0.8316410360177576
0.9813036356875167
0.6522690752553765
1.0
0.8016253229040042
0.8010532825710512
0.7744674054216226
0.17494467397968183
0.9122883687142298
0.09076357506369145
0
0.6691740151017936
0.24253463862222258
0
0.05062901044313214
0.841860597465423
0.792853799988261
0.03901375615341105
0.13397588879908173
0.6346554842361078
0.75
0.5980477832539344
0
0
0.24676326540504573
0
0.05381250124536349
0
0
0.6995493528714087
0.8444747492669378
0.32739265792120825
0.21595939512572135
0.939724487794877
0.13766861601890013
0.7113766995342966
0.7329732766579071
0.9337648422415628
0.8710317662232488
0.9247806861850225
0.9638752846557952
0.8317135433020544
1.0
0.20808512730323628
0.7155061338640076
0.8308635835749899
0.8442796482065763
0
0.38851717151885073
0.832036315518474
0.3176268485097574
0.9346332180883183
0.6616595496270256
0.7051938730225056
0.6213565849284138
0.5473696364904775
0.8963263919984849
0.34668844295348133
0.7611652755087029
0.461396031500187
0.6389534476783836
0.75
0.6470844832072596
0.5571703968764607
0.2106449452302871
0.9533060697349972
0.9317158280242138
0.7989592101285464
0.7834545215781757
0.7917100425577198
0.9017878851092415
0.21127545931860314
0.7723538915822595
0.26629633996917906
0.36711331907052136
0.5073648197864729
0.3785739636205171
0.404822786974061
0.20637207782423678
0
0.8439871736387011
0
0
0.08019946725460286
0.1168050866965103
0.07192066679462808
0
0.0830759951662943
0.5980145420199192
0
0.22000020435253778
0.07608311483734619
0.13222178275814211
0.08553794335139815
0.14061981610107732
0.1881489297624142
0.8966933870740286
0.8297127553193681
0.31201974903389595
0.09056571937000657
0.3168197782059181
0.2700823801852123
0.26012248859612197
0.3502176538661771
0.029666508434802237
0.15253399328524564
0
0.3480362972147526
0.16201669105519922
0.11912255395784842
0.6075284630125923
0.7660962067657263
0.8599942275061766
0.5451877079133527
0.542502376633479
0.986960653212842
0.14522083064806462
0.9387429002631027
0.7717533384121651
0.7475074429764212
0.7575447463505722
0.4823872477054629
0.3703305979787787
0.10793055970735678
0.6217683699968668
0.6293462774006194
0.6635653987358301
0.825887555841854
0.7827469932613929
0.8070217906836523
0.9413737533670379
0.911258696747316
0.9096754675954754
0.9654259587689935
0.2656882122123048
0.8761081028193711
0.8705273283725186
0.5608750836557207
0.8420061790706199
0.8653967550402686
0.821865628992779
0.8274338671096115
0
0
0
0
0.15712637176273855
0.16317086114162382
0.6556128321565876
0.8762240926510207
0.0506409431067769
0.22861052163092896
0.5265691360289094
0.380026491501231
0
0
0
0.3147091516073872
0.2006684642564071
0.10704362700532556
0.515638803663593
0.4593347371703258
0.4352667423942616
0.0833606860361767
0.12119888336258396
0.3315152446965203
0.07984428999527211
0.21439555813363972
0.11459255261188847
0.2980655268887258
0
0.6650516193768496
0.06318613810986455
0.9288519056896614
0
0.15742125378850835
0.20441819547924844
0
0.27184978074514654
0.4006862923104527
0.17929910003937077
0.5900711191633135
0.75
0.5900711191633135
0
0
0
0
0.2922428892429121
0
0
0
0
0.6589976594671161
0.5790125697695545
0.8510441852407447
0.46200298272772466
0.47422766260513793
0.4814022957742724
0.8138387760757926
0.8835067364795052
0.7961496349694643
0.7463738547290165
0.7429460402168926
0.223128001671957
0.06574975422868193
0.6262150060991818
0.20614075340430332
0.23653704223980998
0.34907089136487035
0.2952197171842842
0.5302572346117886
0.449472912729488
0
0
0.8908139957881109
0.025431176454658526
0.06142919971082819
0.1878464541331862
0.24728566513628214
0
0
0.049072963908268846
0
0.08627991518624228
0.011253003501223338
0
0
0
0.04412502487963605
0.06171350814565287
0.1360111890608923
0.75
0.47078976385872684
0.6980699114659453
0.03126530212429815
0.7094286845012434
0.40656845333479275
0.42129292745878966
0.15109869543521312
0.20934938839575862
0.405207011957521
0.5068904503149076
0.5068904503149076
0.2474649968748002
0.1293050080888673
0
0.75
0.6291477110854179
0.7027298115046557
0.5207310599488093
0
0.5576454201691186
0.6530874287829712
0.7354933665314849
0.8174795537334236
0.7114688508908655
0.90362840822497
0.6636388626856076
0.42262369464026595
0.7016264690863678
0.7016264690863678
1.0
0.7951443504634684
0.8384220935671722
0.15338969005778666
0.9662013897176096
0.11729099994190587
0.7122349510528536
0.6964358456633069
0.6832938695237487
0.7589475729474877
0.25804816636764877
0.826260908220563
0.14693310082368932
0.1724591013338117
0.8136911442372452
0.46744460111334823
0.814029645074228
0.8230407373852761
0.937534234297493
1.0
0.919667418543707
0.892044828393836
0.933650870288264
0.86834337886374
0.8677952776680519
0.8624174663686501
0.8598383507966287
0.9197279668919597
0.871032820870463
0.19189538308015275
0.35188499407650825
0.3478808766193668
0.25334656842679076
0.21539142040979273
0.11072564945525455
0.10206498776580525
0.8136177021178361
0.2038714372740954
0.19838250853961714
0.2534409966797154
0.26099875192336963
0.24402559829178003
0
0
0.7269488564265301
0
0.33858387030547743
0.33974448579010064
0.17586338708232663
0
0
0.18777319640477136
0.07637893059465327
0.05818190685987802
0.17079452111070223
0.8967617651375492
0.8967617651375492
0.6439013957307463
0
0.398993812468189
0.5093813346818967
0.18090764613843371
0
0.75
0
0.5152461391852463
0.8875646400451923
1.0
0.8875646400451923
0.8827497676193663
0.8827497676193663
0.8250574599270586
0.1493050515466839
0.23160304208451196
0.4856028453355015
0.9773339441442196
0.9236463777841342
0.816400367025064
1.0
0.8729551183918767
0.8729551183918767
0.902158954526189
0.9124412230503784
0.9273019510079468
0.5415828957957218
0.8788763129459369
0.8723919123706637
0.8590392988392332
0.39957024867207724
0.180839686325311
0.6695828832694563
0.5806221035729925
0.75
0.8295524239502415
0.20229978325922782
0.05834846659370253
0
0
0.8636938604101384
0.12845705372207245
0
0
0.12477887370490275
0.491969659607131
1.0
0.917699226339832
0.9350091083390801
0.925173449514543
0.9081955441121968
0.7076424589896065
0.12421911695267336
0.9322816043324784
0.907230747372229
0.9171133461796868
0.8753354749000023
1.0
0.800517552993429
0.40307806599127116
0.8047756407098176
0.7389267874455627
0.5251423258407492
1.0
0.6567488385696074
0.17135367721390607
0.8387796097028809
0.8033787080282495
0.7047123377396565
0.7640742000782245
0.767867894982061
0.08075294986255181
0.904797589190992
0.6794883825449225
0.8708648299892916
0.40532411908087673
0.8708648299892916
0.8018173547872958
0.7318412412983575
1.0
0.2128449530030409
0.29591994359525836
0.24172406985679507
0.9517120843061884
0.9027344761466289
0.8746976665691046
0.1710071026530639
0.11920184026526749
0.9290049500575174
0.5119465297012609
0.47783847883102404
0.5119465297012609
0.11852956634843989
0.697444077381406
0.9065465701337951
0.7119928917721454
0.061433383405494105
0.5986718021207473
0.3651029505961945
0.3347584913941471
0.1560639876223121
0.11395985759053229
0.30512136694025854
0
0.12355792151086183
0.719378292134195
0.6838425498569618
0.8782449710842294
0.7947170141119397
0.7884077318117395
0.7580219103251605
0.39427252739696056
0.7117491709515389
0.9300848410196411
1.0
0.7843801531002437
0.4735094280603964
0.20805512370868795
0.5108878487550786
0.7720528111965914
0.2234453946584405
0.4371531174224185
0
0
0.5745145043384992
0.46805715819339566
0.33751139061583313
0.12460440301903161
0.9332029944405882
0.9106186133086036
0.8970885379792115
0.9155122623617997
0.7326468786007253
0
0
0
0.5497828250684413
0.13700674267657503
0.09715442870242778
0.12777469697135307
0
0
0
0.01864899138945122
0.17282775671961664
0
0
0.33602684500131114
0.3785523270183557
0.0738742203960221
0.048277810172067497
0.48263156514829886
0
0.09908905618969889
0.25894391061589134
0.43426263068158566
0.27328608165757606
0.6845940463046266
0.33586154622907577
0.6543386791572263
0.1272033292604044
0
0.19951993830665113
0.7584064149448947
0.8514034732570896
0.9821305738374134
0.6569682584733431
0.9485360069206327
0.8939077227565493
0.700006575676386
0
0.7435833002707092
0.1894083510501797
0.20573499500424952
0.7749454280508283
0.7728203497597894
0
0.9107727100086606
0.8059649287404785
0.6779830244753013
0.5964766715052622
0.6779830244753013
0.2012719429238461
0.375825931362307
0.8958763920728132
0.8394338105569765
0.7822677368963797
0.8253466838678842
0.9374949008681198
0.6196669425371198
0.6289425289192825
0.6408678938666506
0.633506120209558
0.8095129481418414
0.843244859444672
0.22182483398264258
0.5587868885465291
0.6189014578432552
0.6097318949667401
0.5148606427620349
0.7404736054076194
1.0
0.7263633771562092
0.8131689901553159
0.7064963194617233
0.7893835637842627
0.1243280741536819
0.8069584413663291
0.9354685495618769
0.8187967921543546
0.9153903058926673
0.9040819588823559
0.9478879835919585
0.7750576179082805
0.9232907701759343
0.6473113134821473
0.6353495694158939
0.6355297346585496
0.40545883152487566
0.9247026927006682
0.7235388148316266
0.8119658133746306
0.8436172244382595
0.7956301208844314
0.9873681902852036
0.20940359959761273
0.9379081438355487
0.9870977636152091
0.08048608955381024
0.5979771921274705
1.0
0.7488204802007788
0.8926251051924574
0.827765661339869
0.7970367669466878
0.8114764784232946
0.843239076548015
0.801875344649461
0.9452947895711492
0.816578211470006
0.8476476252823768
0.8183614853531729
0.8553332063537277
0.8623138104842508
0.8433959850912144
0.4007683111314455
0.37526429852644777
0.36271319060275853
0.7944626861751506
0.6517295359335316
0.6517295359335316
0.6581075696248767
0.6517780811792268
0.6448096880395042
0.5053882032062568
0.8004595578514488
0.9298991392168352
0.34652266806582016
0.75
0.1652134952437347
0.29128695620550077
0.4252805442090055
0.699265206300818
0.6635921999468647
0.6787109335954138
0.6235068591567673
0.9768034105524293
0.5550813914221683
0.48654174492512814
0.7881776476675824
0.8208252825829607
0.8096872643763973
0.8715607482113359
0.2556183540783477
0.8754407909556329
0.8358422142448911
0.5888628116847174
0.8484758872221658
0.9642695810032775
0.258299229223674
0.929622894448685
0.8511456343118313
0.8252276450170648
0.8252276450170648
0.9405909238499588
0.8453356426969878
0.9299639733644178
0.26360171709528546
0.7035898468273265
0.6938787501877485
0.8899863247716737
0.8932814212409912
0.8804312239312697
0.8980720585429236
0.9136295009080622
0.9315636502187039
0.9641785230412196
0.9521522598878547
0.8959051030215817
1.0
0.9036184833206178
0.9685009366063242
0.5364729681546758
0.648863938984478
0.6071729423185855
0.4638827137435506
0.4638827137435506
0.5257721342848577
0.47613703130568186
0.33339500804618416
0.75
0.7255927817341834
0.5964780820507123
0.693784290701826
0.7497693500127123
0.7220230130390387
0.7479547838733859
0.43559694467234517
0.8793529274776027
0.7591114981767095
0.7553671759062519
0.6992784282455466
0.6397878969457567
0.831885886791393
0.847546542862529
0.8113264274478169
0.9841974283224264
0.8120339033231319
1.0
0.7339720131011931
0.7790223864067789
0.7766129336339767
0.6381624429061483
0.8303498973451328
0.8415217616962843
0.7188585325866484
0.6504196671712505
0.7001174323708372
0.7347804895431929
0.7224730675555072
0.6742656525805459
0.8530250750694753
0.8596204117958473
0.828314449539431
0.47764434688192725
0.8876319995278046
1.0
0.3898270596499345
0.5357693485975121
0.5866040469160042
0.7624326448311448
0.7701257664358254
0.7610980864489769
0.23011910482212722
1.0
0.9648425903338897
0.6428738105591116
0.4092290225031
0.3516906789896336
0.8800493955491364
0.7779948438288511
0.4826356601727066
0.9075537337848119
0.8537536684999554
0.6470763680197359
0.8854346944430258
0.8508638618782858
0.8854346944430258
0.39944727665431307
0.5732634805548077
0.75
0.4165569272394421
0.4540827897661641
0.4197232799940641
0.5449071856905336
0.7286434610436585
0.619785569929105
0.9108441365028327
0.8239680191911583
0.9382230490891645
0.27394826685361284
0.5997612362921724
0.9151374989311537
0.7435328015593208
0.7309708300566139
0.8518288475677341
0.7521679386748205
0.7598249257026725
0.7471360027447659
0.9696539556676025
0.9696539556676025
0.921895103620119
0.40125631566610487
0.4187979857725479
0.3685600938201866
0.8159063845247387
1.0
0.7753752745733462
0.6539011742862155
0.695535225830741
0.6834475129560751
0.42033092873141564
0.9857857938541994
0.4183150531819695
0.6837378146559103
0.27808750435816754
0.599608435425658
0.8816477134305686
0.9049257253135392
0.9264249182914449
0.8555614001431159
1.0
0.542049326101139
0.8936798322464522
0.8075347393728047
0.791780950278726
0.790753145947739
0.6517213925917166
0.6225404807801771
0.6259047982580197
0.7909113438118953
0.8188292473146548
0.7658880413683122
1.0
0.7437334082685431
0.0887418202125226
0.9081068131904175
0.9215486891647506
0.229724821034264
0.23605046694158438
0.9039068424721184
0.6593553788059117
0.4294431583058872
0.7660397890216106
0.9805993107214686
0.6495437314175857
0.42509498538731066
0.7192312165590765
0.8130657469401774
0.9038901253165792
0.10513592532527945
0.13986316882379382
0.9459672561202921
0.6826578816006907
0.7504737001252377
0.7379737001252377
0.27222336571898653
0.4318977892540072
0.14423123750091987
0.47550259599182276
0.37571064040793956
0.7756174372260095
0.5793817797252276
0.5292069224510426
0.5793817797252276
0.75
0.5789359075101589
0.6116574484445354
0.8615195817303336
0.09584071664772006
0.7610944834692945
0.940667224012745
0.8204069060542922
0.8049678998683892
0.3951021315062595
0.34641394456282076
0.364546948127932
0.23272827329686946
0.8769305554438586
0.8728166600564692
0.6449097007644014
0.667706559893033
0.6301834967272839
0.9021572335826462
0.668454051937851
0.9394357630791847
0.7705880220729121
0.7201526626557616
0.8431870608780905
0.6431505149836565
0.75
0.6431505149836565
0.5059910908191418
0.7923221006969481
0.7685573128239135
0.9575940370075733
0.9394270355583589
0.8987058151476511
0.8882700838163213
0.7140494895498923
0.7491191148063039
0.8788462537108004
0.8607018754774582
0.9150197801658244
0.2507042693750952
0.9684767228938227
0.8855737351666448
0.6771486558300649
0.5762271543172457
0.6896224639991531
0.8910356892749514
0.9277204481858226
0.7410750013143932
0.49748137200105425
0.3902830218289144
0.4824314577819363
0.4472904172425852
0.75
0.42134379148836315
0.848284604305107
0.5043424762672745
0.6928807389875475
0.674161108108789
0.3771512879690304
0.8060112897615921
0.49583889046450375
0.7527899654079552
0.3731824942074702
0.9093945558490857
0.9151837542173606
0.907785368677064
0.8086048043315192
0.7841703626064118
0.8325029666286738
0.9301324507987234
0.2399519793513811
0.6866271434673872
0.08847769451037905
0.7679911785543354
0.46958325381869037
0.2981299839067472
0.6179331615535185
0.7075429495344366
0.8175201253900044
0.8075909158699743
0.8198381524527201
0.5084452451205135
0.6246441473133952
0.06204406077440908
0.11932846534302005
0.9441621812828832
0.8280096857829541
0.8521482144639567
0.8603176890891482
0
0.44909258331904567
0.344081480410604
0.3933196309903533
0.35912138712106906
0.38173371718533017
0.31483539471229527
0.3274741798811926
0.2784516873967203
0.6343826966357773
0.9195675866308884
0.8151385622102253
0.8015566030525196
0.9406701586900659
0.7566970055883131
0.6705223278899648
0.692071950289165
0.8739488290076155
0.8873769377243269
0.3794101438867785
0.8497926548679527
0.5084452451205135
0.974387719823664
0.44592663320764664
0.8732043580021327
0.75
0.5014452729517522
0.4954267286086072
0.8942305512834178
0.39766304417985837
0.879028278899532
0.75
0
0.48275088842284264
0
0.21352774534009347
0.10477851881456765
0.13582180101614444
0
0.8615651518096435
0.10809051066278735
0.466008793147922
0.5393146738488859
0.07528619478954035
0.1847265226257565
0.2373496207997409
0
0.4887269667738994
0.4359975272946247
0.19723323261929965
0.050511866480148035
0.1030734895532173
0.08289687804721917
0.02192541683019058
0
0.1150581006793731
0
0.21523079590412775
0.4546671192597996
0.4712388184138232
0.29298138027208104
0.05055560151097713
0.21516641451058133
0
0.12409106124614117
0.11407111210057441
0.11160188623558963
0.9072066264100489
0.327230292634545
0.831584368914534
0.19007553418038114
0.13129152556838025
0.67534996391305
0.64875023942467
0.6282513763263046
0.43522567745042195
0.03292336939411758
0
0.18240191291793428
0.4530622032284739
0.8275388565101969
0.881619723865628
0.4996116190801392
0.75
0.5060957258528027
0.6634005009024612
0.5105340951118895
0.75
0.8520266477863283
0.7690146892917664
0.7887471447684407
0.35101419219671093
0.35101419219671093
0.06026133757550953
0.29055319570601573
0.6560798623129814
0.650194502980362
0.09256086507990074
0
0.028988111801372382
0.059344569773394175
0.031624432165199806
0.12108335703481918
0.2581782632978169
0.16024377251163446
0.37100404936676756
0
0.33348926411135893
0.27261596551048634
0
0.2662295158523069
0.12503987918093748
0.16549385907067984
0.26726037223518306
0.09284541736000931
0
0.7932115298516403
0.7399429773740182
0.8523264069951603
0.8580963027548797
0.21909649987061458
0.23779976468052125
0.3671703580912593
0
0.15206766821874662
0.06274930426295053
0.13121981381803935
0.3476763113660437
0.19573449546806473
0.16376961264984516
0.0900691186400558
0.32848435109992585
0.24433486797307954
0.28030709621199507
0
0.5679771247433067
0.6985441168263865
0
0.05266879389944766
0
0.671654125796999
0.03458377034970799
0.6087165004366799
0.10668583293985909
0.5462417195931965
0.15830940976277563
0
0.052846048232765994
0.23760206931795252
0.1354024492730631
0.03488298478823243
0
0
0
0
0
0
0
0.025513413232752843
0.06838356239200707
0.04890888135346476
0.1289018135126031
0.21102246025182064
0.2562580195989528
0.24540343726718622
0.10774640716247015
0.24947286947140107
0.2508895349403078
0.49718810187418716
0.8402569725385622
0.7316515733210555
0
0
0.9322870655139481
0.8997295435249408
0.8716356339618485
0.8792754555062581
0.16363623299396438
0
0.3175391546257635
0.015226824108088871
0
0.75
0.4432025260636116
0.6291749149064134
0.15517192385076603
0.7746955431456867
0
0.3199959326569433
0.6636712159639689
0.18951266415114623
0.246270824092693
0.7164706065977985
0.5618057858737067
0
0.3287853466522343
0
0.08712561027704294
0
0.2240204882353262
0.3409009555163277
0.30537518160588617
0
0
0.18302108267399492
0.13728485323718465
0
0.8164510512277392
0.8216833839172308
0.9500692292669878
0.8216833839172308
0.8747967431702104
0.8566479225140633
1.0
0.46555158673806574
0.6155654171665551
0.6155654171665551
0.7736543777818519
0.7074962722501529
0.6918535511803043
1.0
0.8764516869548853
0.8988376971696302
0
0.21328133018073997
0.8767898599303381
0.42629005018214133
0.3265575114634695
0
0
0.8877094934158065
0.88979013233768
0.9047630820232155
0.8763065639285842
1.0
0.731297972933049
0.7491091239607819
0.1958690610055821
0.14877217189199216
0
0
0.05906645806510628
0.2640075903597403
0
0.5778152525166134
0
0.24509799774325897
0.07015925229163504
0.20896083326401343
0
0
0.15493173549691125
0.37511981715736203
0
0
0
0.09083271960033704
0.5608936404835629
0
0.13790541303387943
0.1757198651886518
0.21068824655871377
0
0.25267547087584896
0
0.10235608585336696
1.0
0.30461967266291545
0.6628729631891894
0.13591271823472642
0.6505198401672155
0.5624114601066654
0.43591173130055877
0.8260095574119416
0.6341848497534569
0.5435099960138523
0.6260902846023385
0.7392554211583737
0.7229837065488967
0.7397235718123857
0.2664698398610405
0
0
0.06947950699956941
0.20703454667760635
0.058441133813421205
0.29493713631563095
0.0910713108628025
0.3041781161228899
0.24240569067217796
0
0.24558944071947345
0.1806399817955722
0.05887181455270594
0.01505904652135325
0.6871074126051026
0.23196495520465293
0.21383709722332475
0.29956531023435096
0.19524674415303278
0.3048845333034118
0
0
0.19775649609313134
0.7092316591326361
0.7535895907886376
0.3303129023198513
0.13776613010902922
0.9768401738594171
0.9823905109290143
0.16192264543467638
0.875134785121796
0.30821596161208004
0.34249661095574485
0.8731669567049078
0.6879742504094262
0.7840046614791395
0.5327940976665251
0.9036601050147215
0.3669639992153344
0.6345171787605381
0.5735863673106667
0.278392063320983
0.8942485975721415
0
0
0
0
0
0.0501544883420601
0
0.900927293948255
0.8832396079350485
0
0.75
0.5347535117244554
0.5075221937994094
0.0747551202527629
0.7809402463087981
0.9376732661855188
0.9607657683040325
0.9372425294620048
0.9372425294620048
0.9376284020198226
0.9288367652968004
0.9405444520090741
0.834399334930128
0.6025127518139095
0.751492467786907
0
0
0.29327584421733177
0.8992605530195505
0.9637760930814185
0.9124106354730872
0.9386805534794056
0.039908711931890856
0.16783111111222937
0
0.2247245464755876
0.16689488935371433
0.24215057576436666
0.32226463298796915
0.38245497217072333
0.1822368886824533
0.622788933242364
0.6699536608856919
0.09239117903170074
0
0.2115163520662502
0.9703351918648951
0.87759839238457
0.9107996816779865
0.9173040445244396
0
0
0.02258678362447257
0
0
0.7468102473726523
0.7742324393134853
0
0
0
0
0.5894852460379406
0.5892573236719061
0.43113173580744135
0.29483393508101985
0.71399310478929
0.30747505214188026
0
0
0.09748035993677923
0.10019921626225153
0.034161772814626346
0.9473264567644872
0.7518326869810787
0
0.16603391299694467
0.7373090585809986
0.3742062244323089
0.08491116712774983
0.2607809967131238
0.3382981806363596
0.13973061081625254
0.9065754471593341
0.8994492546609942
0.855458634418182
0.9493439242539181
0.8121146262193786
1.0
0.7062524954360244
0.11784786774462143
0.9120414272792943
0.360538693558911
0.9025146590112816
0.8749098549432177
0.3980284561171278
0.5022807730825265
0.3859717571277864
0.08296134040256978
0.2179074746666114
0.2615270770999123
0
0
0.8225443079957699
0.3077434968899142
0.8751240965166793
0.9305612746264184
0.8590167227458283
0.20998232362620306
0.11633541179870983
0.25578553703033663
0.6985351236314391
0.7419707831380182
0.9549730768149712
0.8882091582139151
0.9549730768149712
0.4721995734390547
0
0
0
0.08848203997466997
0.2722580651209787
0.400455277352447
0.17564348138223929
0.12514671656612555
0.11326844520200936
0.7927542331801775
0.10823742096987617
0.16884748582774806
0.121788318292504
0.10737646307806066
0.9761359013724035
0.9676702108997591
0
0.06307863769044698
0
0.5498757912981144
0.5131108066065174
0.4742342852339614
0.4813183607743643
0.9246892994090543
0
0.1666554244432779
0.2017057791051775
0.014074806879946517
0.8924009001925413
0
0.08767099024072039
0.033570856423545965
0.22202739405744368
0.10017881235201537
0.28435115144999434
0.09562610737312943
0
0.8890756681034919
0.28833096567823974
0
0.8377626000886799
0.07454671097753177
0.9631728873809561
0.6507457638765372
0.8752874273276174
0.09847533992886913
0.5583687934545959
0
0
0
0.9041430996893373
0
0
0
0
0.5709054650280699
0.07973023924550846
0
0
0.07893488722589623
0.2269651441588154
0.9208580155351987
0.9055655729962299
0.8570774181810479
0.8870774181810479
0.5200769070692827
0.3969736018583242
0.5377261769491264
0.15784287383917195
0.15618246239721212
0.864017579861547
0.8160403365106426
0.48881698751265185
0.7948906986629396
0.8785830246780021
0.8770212462123106
0.8295559848299768
0.23800762228584788
0.9061396592754628
0
0
0
0.16407926496326347
0
0.6554074127410038
0.7307256429644733
0.8599454849208377
0.6951098648287846
0.550951900930291
0.5458609873323542
0.6297111960483124
0.723485862313202
0.8008445312086216
0.7753142825861812
0.4886511763217588
0.31142568993989983
0.09136409245862309
0
0.6554775365510442
0.12883513345750294
0
0.08059365985586846
0.12421034421621513
0.1671016202490543
0.2141317503570769
0.19722113197697844
0.22670077666811106
0.818702568881063
0.43647710639770965
0
0.18205751944484833
0
0.5878527299626514
0.18762336098091265
0.2904218853885031
0.21322531617485319
0.08005210147221342
0.09613867297327919
0.3375208547696632
0.30914564200554856
0.2961093231035928
0
0.2964068626943738
0
0.07201030093449226
0.11789375942861519
0.17737000900977207
0.408445093176668
0
0.7447809799970031
0.5995060369978626
0.0391571180392459
0.019628558493380053
0.2834720720777749
0.43135158928767425
0.17302945532433178
0.2254903746589098
0.4992357830822377
0.7356150541491391
0.49027893409174383
0.024676132877776244
0.8160520093592818
0.3357867393906849
0.08934224844633042
0.08641068378282488
0.1839199085599165
0
0.15311526771513437
0
0.634013737802027
0
0.9260247674648379
0.8454594398978881
0.7827978863544574
0.7670157332629932
0.6675955949417489
0.3461818390088611
0
0.3073807011580177
0
0.4420422507559668
0.0938980907083579
0.11959496375845109
0
0.12606440050273113
0
0.44520871114109506
0.5074020201299423
0.5745514075902838
0.8194286759055026
0.8965169932018797
0.860328877822013
0.904661518142901
0.9184522640664009
0.7724023985662918
0.9420864842756261
0.45374347282307587
0.4484815802223478
0.4510260915126385
0.9599833297177414
0.17298536634550718
0.9517816591163608
0.9279028821158759
0.9098791359053986
0.834656305523162
0.6178132862272451
0.5907221389859851
0.5907221389859851
0.25873855180579824
0.04693353139671237
0.343551973618866
0.48962190080865303
0.31492526253756215
0.7827532114008712
0.6364249546492283
0.9028995602768999
0.6831505739824141
0.7960560543132565
0.9752523104300957
0.8756427042624096
0.9463864743832364
0.9570344968724245
0.9101591713892233
0.49777731116075685
0.6916760410003966
1.0
1.0
0.9358932498906981
0.7922269098105986
0.48767884578178666
0.4535997958132494
0.437009946026201
0.8681848086052233
0.8690639967770083
0.8690639967770083
0.9364841776612491
0.5511126595201774
0.8080661355284192
0.10222735438982397
0.3735779214491175
0.677029553029262
0.2969747395029494
0.8684785368410215
0.8667529603990064
0.835912619353279
0.7671759478137304
0.8016372218576316
0.8265575968854078
0.801746387964176
0.8022865607769263
0.37178248289015464
0.8788100182344221
0.5936145911758484
0
0
0.057552996212249574
0.05740275719513151
0.06254496292840724
0.3231511668339363
0.2746619665332174
0.8865654964789619
0.6327322945200637
0.19910945872194852
0.865003212782586
0
0.15025778699061487
0.31816698631094953
0.25269941554124936
0.23051310743276507
0.2425362265520572
0.614022403975516
0.38066067197223785
0.3521189000042846
0.370519291532051
0.5817325795919227
0.6392739067631895
0.4287772057740563
0.5308889804825374
0.45817140171177667
0.5308889804825374
0.362402804053224
0.3457535716184704
0.362402804053224
0.9632685571596232
0.9063246755787967
0.9399015529664867
0.9341433582168455
0.7269778003729724
0.8011679709867116
0.9723503091674975
0.37738330985697477
0.6735883591217824
0.7627760219229943
0.8661010755947425
0.907701284313594
0.7498600901743521
0
0.7371559827513832
0.29205688665034407
0.4129735370168503
0.2754187138841339
0.27617531776432913
0.9851563863629064
0.9149567277887038
0.6196510013049737
0.6205639266389118
0.610880596485853
0.8361322552924488
0.8339238368013503
0.8441012193304891
0.5007061185105885
0.8122654887334323
0.4885449759076732
0.05500054112111904
0.366150723456236
0.45871715177584893
0.6708320091526891
0.7020566986167494
0.6896039984646675
0.959948476653582
0.8758684710773769
0.8789744591326111
0.7984570144794584
0.676886740661398
0.6455137398360458
0.09569029298290882
0
0.21079388283234635
0.11439953442406633
0
0.6898537458927834
0
0.6569661952282955
0.033736859323325576
0.6929900538330014
0.3246464767417562
0
0.14265054354506312
0.3516732599937401
0.8210978722251077
0.6557462431392893
0.8833941039690941
0.6845224186424355
0.2520905751195318
0.7624160281060541
0.8744938094034631
0.6994064366141958
0.9735196419990829
0.7147088564236993
0.6731466194990221
0.8564079804218652
0.702429478841497
0.8247702474525087
0.8008523387999731
0.8811361316560476
0.16553692587152405
0.790748430838738
0.7488094553327953
0.9335460149177588
1.0
0.937536924758827
0.3475040987202562
0.8949369070129691
0.9138955908137377
0.609930781827558
0.7064129478135579
0.6610910440532001
0.8321184624737098
0.31080955558371354
0.6414936140664165
0.9137658015700058
0.8999241948234651
0.9043634502747577
0.9216063727095756
0.8991114676729299
0.9164495002987998
0.32338889064258675
0.8230252173613287
0.7803680993224721
0.8764400375856043
0.8104202370018482
0.04737677528469617
0.019078779990832264
0.041050168532171284
0
0.07539131461631124
0.2716238872987957
0.14687072822193442
0.14355696718522076
0.49654526768742546
0.4129129253125026
0.1392043682828752
0.08554293695730153
0.9259760870752374
1.0
0
0.8427480810579346
0.21274641865202715
0.26248274972186686
0.23112014304289152
0.07505381894844138
0.023023788239136988
0
0.5156732027534288
0.5178989280146912
0.414468746819349
0.6071439976570037
0.37186776451360104
0.6071439976570037
0.9085008872293893
0.8965106068238549
0.8910118002323562
0.8658576371973976
0.85534801094921
0.8660883771451882
0.39704036265664644
0.6260013044780466
0
0.43856609577207517
0.45418532397308964
0
0.23765029911811567
0.23294412209474774
0
0.4557891278633066
0.4557891278633066
0.8008585278345614
0.8670156581949005
0.6208848534091395
0.9066469843468108
0.8562128492996491
0.7950201021953369
0.849074156249391
0.7934701809576188
0.7171518174297494
0.7685055466706434
0.49088496248729274
0.5241390281504404
0.4524592482623899
1.0
0.8156358893621934
0.6688510741321898
0.9868508424209167
0.9654684193655506
0.8711886240684393
0.9179651870394163
0.6286263180055676
1.0
0.9166009341105856
0.5658266666943885
0.1696136929736572
0
0
0
0
0.23922318914613422
0
0.2535137713098988
0
0
0
0
0.1310523360981245
0.8606017737791136
0.711505809121317
0.34643472196652836
0.11319221794282672
0.0963694565269437
0.04989342455626071
0.6509290185043164
0.3448445129474676
0.34042810016868963
0.2795326474813792
0
0.8065529894756505
0.3349959923427428
1.0
0.8673017495817739
0.41363569141278733
0.43442580062353064
0.75
0.8388588013345631
0.8205105292282004
0
0
0.11418508170018773
0.09883217854325935
0.19132282826122762
0.3332005675134885
0.32009586234267734
0
0.48649570389160646
0.4714179654205567
0
0.040207172406567626
0.9449907308984594
0
0
0.49342375659289317
0.6719656288800364
0.19958406537067064
0.29952869088080425
0.07254639683240247
0.9003717556118731
0.20006869822187523
0.3999074216087069
0.3330762999471142
0.3335518120983394
0.3203346444847759
0.0802964767967885
0.21696014254226448
0.6405590315187943
0.5820760283373442
0
0.05959742303876087
0.11698587764058024
0.9401024419842727
0.8919205682292741
0.8889006023419003
0.8581068350916616
0.8662858684865947
0.8176047315450627
0.8061649347140876
0.5217618090180782
0.504321335716843
0.6310382849927684
0.8804376137348233
0.02118761495894164
0.820973262673288
0.652676704528635
0.4455560902102332
0.504622750862287
0.17279387450100117
0.29334178570366176
0.20144206992212005
0.9491826383167934
0.920950109543651
0.8655553418958367
0.2094909679649978
0.8927338526228522
0.7597871422069182
0.9068850298373794
0.2105630755397223
0.9199382237222735
0.5481764369385219
0.04651530756089918
0
0.26617269849409325
0.10552989137357388
0.01616103839537259
0.39228281284362615
0.6609611019815153
0.6488347649516966
0.22029048663385337
0.9871262347805542
0.7396738865406097
0.9265985443570843
0.8942499746400543
0.960786469343101
0.949279258349352
0.21257561778739759
0.24340441427350273
0.10061678528893502
0.3063213306132534
0.1316152710274589
0.23960643591990738
0.1661950808782377
0
0.8070776936444015
0.26658685040974406
0.07065859523604748
0.5222592556781189
0.6549738851187701
0.4649395081288336
0.20294627872133628
0.08653401475273928
0
0.240949498406128
0.9091563838015785
0.1343415445829246
0.1412210396904856
0.10148481621091013
0
0.16208978580856798
0.10851058738589488
0.09144872190633528
0.035121225511750856
0.10272674855758118
0
0
0
0.850538611695201
0.21544403391994116
0.7172370733087686
0.11182911427333181
0.8862757484164214
0
0
0.0705994643746202
0.7671405800688483
0
0
0
0
0
0.1347234369572506
0.028211172589400698
0
0
0.6261529773467698
0.534619111458056
0.45488418283605114
0.395258933683345
0
0.06450206302253188
0.12054493364524105
0.7217449391522613
0.3600504749924075
0.6882024327153566
0.844712471238548
0.6594998560630438
0.14235773464674364
0.4925560761645133
0.2494933293020528
0
0.09115285569823703
0.39073667926575767
0.3695147898513216
0.4107765342370677
0
0.09444601409780204
0.10400607183462733
0
0.011502604866224213
0
0.05650686566180733
0.05599487650602712
0.3307151752580614
0.041223704852514184
0
0.203141094814358
0
0.07073688017772573
0.07336700635374752
0
0
0.218491221454032
0.7222638496220717
0
0
0.591398946021237
0.36664719727832557
0.25548879810864017
0.13485244649293363
0.15653215943757656
0.7722713815748583
0.37806018684401066
0.2066130218936405
0.09983682883127891
0.2624088463030976
0.3269415850289783
0.6103423155604626
0
0.7235153846148099
0.023421000622209816
0
0.918328594182027
0.10282691450028589
0.06535943990731778
0.28979905168241166
0.15049689761079138
0.9200315541737838
0.13526021232747
0.37274238987169905
0.189860001978571
0.36674961040572857
0.6061730181659402
0.537292789486087
0.537292789486087
0.04483233541949992
0.7373475613861763
0
0.21429896330732962
0.10265468980445046
0.06814065471169874
0.03755091823012566
0.5950710404197757
0.10071605691457168
0.7187063370728195
0
0
0
0
0.1381700574989217
0.5510218025662881
0.464722093524477
0.47620872064646486
0.8193437513489484
0
0.06700076661207578
0.11319770024735595
0
0
0.1970109741382762
0
0
0.5364997079347675
0.4629521626823045
0.4877797130426605
0.7150922033353273
0.6230970720285667
0.6950166221400546
0.8721862289164889
0.8654637522329067
0.854526364321284
0.2272320167948629
0.23466849501949802
0
0.6179093848676799
0.75
0.6375602641047496
0
0.6193292834518025
0.772496274218447
0.633496409116038
0.4123884399252494
0.34347282831620995
0.8601766481564532
0.4686251350575452
0.8524926730327284
0.28886958934094553
0.921315484876831
0.25703417919546
0.7251759128999322
0.7026995881374098
0
0.14699743137155427
0
0
0.08341615613569749
1.0
0.7768625827496127
0.16965480380023346
0.6798390949517362
0.6939098561817512
0.8837623441039859
0.09200008352977071
0.09141039163875521
0
0
0.5529381522663033
0.9747496978754673
0
0
0.7818820424645181
0.6845950836032617
0.6813955681006271
0.9345168463071328
0.9024949662176507
0
0
0.31939056975921054
0.25637198907310327
0.22355927130762554
0.47654437766937047
0.46204047694461226
0.07491581400260104
0.48267336892346346
0.417128700524213
0.5709820781030875
0.9671274491848658
0.8826911867245776
0.9419342137314571
0.09803768167738638
0.09803768167738638
0
0
0.736941306139578
0
0
0.8937224139454293
0.05650117030951594
0.8656080130514062
0.6922744341868532
0.5644322025325088
0.4136844782991627
0.5173915044301144
0
0.681826860447585
0.5215856490430947
0.13439342312162367
0.8462135972968138
0.36521401122732755
0.15414630902892956
0.738018046621577
0.9355811325024672
0.22828587172304543
0.319437741025638
0.24253463862222258
0.2492036100794887
0
0.8544940924372687
0
0
0.13397588879908173
0.34750644333250924
0.14347659377529365
0.1957414128667881
0
0.2488909142819853
0
0
0.05381250124536349
0.02886322505729152
0.156384384391252
0
0
0.75
0
0.5285048265934612
0.28435589121348426
0.5624562200195083
0
0
0.06348056572095079
0.049622323344480156
0.07948604273089645
0.1429764890467412
0.21406468943344
0.11395310299578489
0.38851717151885073
0.15915437964879675
0.3176268485097574
0.05998394668318304
0.4324173871427358
0.09867641666773931
0.053410249936514186
0.10396186245186184
0.2950812671147165
0.6130649107926545
0.8321429165933172
0.398719996082761
0.12678304783565003
0.398719996082761
0.3463498868533319
0.020189885459756213
0
0.5842585561228524
0
0.014050333629061267
0.5806622488860343
0.8730277510583206
0.6378546603192626
0.8533323446260443
0.21127545931860314
0
0
0
0.8750480238896218
0.6235808303573346
0
0
0
0.16918560844226135
0.7650064176653069
0.036537194480411
0.08536687779453185
0
0.1168050866965103
0
0.036123309469294373
0.0630759951662943
0.12130967385551109
0
0
0.22000020435253778
0.07608311483734619
0.13222178275814211
0.08553794335139815
0.5823446770283953
0.1881489297624142
0.8625777300742938
0.24408130991347307
0.6842110236462853
0.18303176314485986
0
0.6401101751529474
0.3168197782059181
0.7001873032871271
0.26012248859612197
0
0.8605957346371417
0.15253399328524564
0.630520693407291
0.3480362972147526
0.16201669105519922
0.11912255395784842
0.8143998063201506
0.800256518401788
0.4929320563084685
0.7858605460168664
0.18212402833511068
0
0.6825605261255998
0.15782872659695701
0.9144910201166301
0
0.8222028406759783
0.9193043490772328
0.9154464217513336
0.833939800384061
0
0.10793055970735678
0.12133240033064226
0
0
0
0.7650547252062145
0
0
0
0
0
0
0.22688621324397173
0.08901632007228391
0
0
0
0.03965612598947528
0
0.05910463957435409
0.3506535413397411
0
0.306944892300063
0.8386875942843207
0.7993632791709947
0.8088254246484654
0.7773492467906872
0.8188041966955224
0.7043741602606799
0.5527160668685798
0.6523325570965897
0.75
0
0.3783161153031978
0.1553114879997142
1.0
0.2877453443406719
0.6703449453469056
0.12119888336258396
0.3315152446965203
0.10484428999527211
0.21439555813363972
0.6422955782655377
0.542048832880099
0.35515438995266096
0.4005153330836867
0.8265512276997672
0.8410372268762263
0.8530863366442919
0.6607524747944187
0.6911821525500514
0.6621850235055227
0.2502431108475787
0.8616594293243038
0.7524934821784486
0.8877433687080379
0.25922732029352313
0.866036747080824
0.946431730249306
0.9338860843348238
0.9052802274220545
0.9079475131152265
0.8554817067363638
0.9210606835082176
0.8548132377152665
0.8548132377152665
0
0
0
0.5884194759108887
0.7289689907210811
0.22749593903241475
0.502335907468389
0.223128001671957
0
0.09122823079003657
0
0.9109373710032376
0.9061323103944781
0.5568069239245352
0.44061995967989
0.476650367265461
0.09320717937591727
0.7514594600807758
0.7116012356659873
0
0
0.675453004445248
0.1319764519035287
0
0
0
0.589017987794004
0.7177871965356013
0.8832829009993458
0
0.013083685503083633
0.75
0.479701208547359
0.4670810944194256
0.8942784537924544
0.7785497214238921
0.8634508137257337
0.8196395423370171
0.052538242368507126
0.18149885273680805
0.42787559326041114
0.15109869543521312
0.27706204823390046
0.25868968158128697
0.34064103990631395
0.31356290947041804
0.8585932968097432
0
0.1391431643502355
0.10293925593297137
0
0
0.4576179874089793
0
0.5725573631771369
0.801749916630351
0.8455744507765856
0.807563037637991
0.33072272338961073
0
0.2131822690712758
0
0.11621236339816599
0.24251052590898278
0.5917587554528291
0.75
0.681826860447585
0.3442542685526486
0
0.3416034895148472
0.11990537301187949
0.7791392124851451
0.8219061690627213
0
0.09137665016906257
0.03239150075120152
0
0
0
0
0.659284391645894
0.1174632890834944
0.6794171356740466
0.3578760643985177
0.8772771444844014
0.07259812095152693
0.8724023321556522
0.21692377454142858
0.19189538308015275
0.6335421265285704
0.7756567745384324
0.8107533848330493
0.8107533848330493
0.8107533848330493
0
0.11072564945525455
0.10206498776580525
0
0.2038714372740954
0.1639295048465265
0.2534409966797154
0.21369986476994235
0.973104728079166
0.8725623136659268
0.8128566504647976
0.09018440303463308
0.9066432568149391
0.6255219708883063
0.8873171799047797
0.9584681184551294
0.8688893194482381
0.6604986615567927
0.9465561816702601
0.9426275341469743
0.9487822744197613
0.6792969966377267
0.6474191234094226
0
0.9081217959234402
0.165790433199862
0.12220231228674684
0
0.2245670607883466
0.038793181636533
0.9538162399579581
0.9441293138014611
0
0.75
0.5277036386907216
0.46530759348095996
0.5456207489480742
0.5086318401268842
0
0.09899505787808655
0
0.11365741275580112
0.1956473847441469
0
0.03856935063736694
0.5434647104732687
0
0.4711015714009109
0.6777453682236989
0
0
0
0.5693679190176655
0
0
0.4583009722083294
0.6319948616516673
0.06972857521419988
0.10276723414401752
0.07133047572341185
0.20801803001775526
0.46532286990787974
0
0.20229978325922782
0.05834846659370253
0
0.8407546663258398
0.8115213943744454
0.12845705372207245
0
0.8086456691070145
0
0.07035135806824236
0.20621199573770743
0.29589160179674057
0.45719349007870047
0
0.14735770268900045
0
0.07467767232696657
0.12785606218834034
0.5959803635495018
0.547795476653115
0.5408257203996523
0
0
0.20686651389926508
0.6436394498926721
0.10103082012747266
0.7343775886711059
0.281035157923038
0.8940647075927417
0.29337326606188474
0.2380152646524349
0.19878615874098565
0.8254891761446044
1.0
0.8120582418283624
0.7435006218178445
0.978276291552334
1.0
0.790787988546005
0.3434586437649581
0.8940024298042307
0.905162034739575
0.9480663598860986
0.23724654507377654
0.9214538668884602
0.8826951242275696
0.898449408650785
0.8594169471289922
0.10373965051750293
0.7293438077933717
0.6928839634299988
0.9584260936439035
0
0.14305241702482857
0.9382481825165082
0.858731041538266
0.683374126999498
0
0
0.8008527679771893
0.8668488700371595
0.2773689303273214
0.8173938847407257
0.7620449963980833
0.7341182173122147
0.6736906819434483
0.6744068039277872
0
0
0.26173706054107354
0
0.40106879525549677
0.09724063901812643
0.11395985759053229
0.43345269711446466
0.6936714399989301
0.4975208890521525
0
0.25823496189491335
0.05937228646219976
0.03507158444660214
0.02008680710004994
0.12406175077813433
0.10957383622717146
0.16425570445428886
0.24017302313761912
0
0.9453991654052797
0.7642397278652855
0.8256196416769778
0.7543823177491645
0.09916036424337801
0.3731953092848578
0
0.6459968307170022
0.6443405746068951
0.9155368327177278
0.12555075353149225
0.05948988545305302
0.14670012451270548
0.8418070372951024
0.15078676051701945
0.25142911162028797
0
0.08951367100024162
0
0.05119173881216748
0
0
0
0.13700674267657503
0.20429728584528492
0
0.1931308431950086
0
0.15924279678282388
0.11864899138945123
0.15720275671961664
0.16021663586258902
0.12231421469012169
0.21543207805079861
0
0.35818469511046214
0.048277810172067497
0
0.03720155171891245
0.6028114718061415
0.09908905618969889
0.5448672016274889
0
0.5785339728400191
0
0
0.10015618361519806
0.3809560270798826
0.75
0
0.4096128913514884
0.6532765866641311
0.8766701688991958
0.8272049444001492
0.9417362789550949
0.8889961833502964
0.9035515134006238
0.7991057508006535
0.913388108638282
0.8897193409596025
0.16418382340989882
0.7936687573140426
0.7936687573140426
0.6843383751298516
0.6754803469291952
0.6828204986177827
0.8318340966343419
0.4661681194545138
0.7422339309195936
0.9885373053365494
0.9150895818446313
0.6552753238023452
0.4867925248003819
0.4638987043196107
0.851696099266314
0.6433342107049473
0.6218748490918634
0.6408150649588531
0.9422779051037762
0.9062778554008898
0.949971376708992
0.2644952203207387
0.34804816688029694
0.9360917139121601
0.9372469358722846
0.8511657155188621
0.9268863644226057
0.8091823907312288
0.7931245644880177
0.7279284437325984
0.1603224486584533
0.1327371242188972
0.6874203107991362
0.860194589357614
0.9372002676490037
0.776848232383363
0.2161306032163145
0.9689383415646592
0.17733784905939717
0.7197353342385854
0.7843864727827605
0.5543021958794233
0.22159254136505707
0.4486297278121373
0.4497332362331077
0.9246028257094878
1.0
0.8240060394427351
0.25987067307910255
0.7390887908497391
0.7582069892228055
0.44538109705892226
0.4262604480691704
0.5199432864969078
0.3923627801147237
0.9776040019177483
0.9348139705672519
0.9610715707468112
0.7080934604567359
0.6946687700153928
0.7280278085251018
0.6579951760728908
0.6641419876011969
0.673472925161696
0.743815203790233
0.6578784893061961
0.46386690468438574
0.5308984821533526
0.5218542726595601
0.8382731428301906
0.9768034105524294
0.7950180621313541
0.7302122548324893
0.9090512933019719
0.9270685684295843
0.8556971197977251
0.8076453900941098
0.808841680983024
0.6406936587335889
0.5193948298379394
0.6289463651384729
1.0
0.9000193454517249
0.8564683524401543
0.0626700408174184
0.8844327336255411
0.7839789296692883
0.9303897350784798
0.07653577130815085
0.840684523623819
0.445871466544866
0.4929941561133424
0.44822771027801733
0.25892312497816844
0.7477454231922052
0.870182354877109
0.9327833308227091
0.25093140985508905
0.8099923973962413
0.7403080414559303
0.7565401119931688
0.7470444746823126
0.9379942163327106
0.9033419942741748
0.5801736764251356
0.75
0.5080877817243579
0.5080877817243579
0.75
0.511168982376428
0.6782778841516303
0.1244163304118747
0.8757906887060418
0.8499210528433039
0.9335376720978269
0.6861987233570217
0.6462040815023002
0.9093674216522291
0.9224823699455583
0.9016352174484878
0.9219212240724575
0.8366448832699143
0.7919811484857701
0.8460134408204091
0.4139536235027692
0.8300443736086701
1.0
0.6775286262517931
0.8928300346275978
0.4074188380696805
0.8292748361021041
0.8854364429187884
0.7709356084732353
0.6366960341766218
0.7013805240449784
0.9777856414176236
0.2496858497214296
1.0
0.825899372071608
0.4037629561212618
0.8419672687323182
0.13002211057078658
0.9823065172163193
0.964449987177083
0.2371548304869635
0.9378633830094532
0.7095830560755386
0.1540129369719556
0.9832809014834889
0.9454751490535167
0.8983558782544995
0.8788389978822577
1.0
0.5236900450175126
0.721264736010659
0.7359365246807236
0.5444364954926946
0.75
0.6422355993054534
0.8222591814318504
0.8332183849715452
0.8303204407438961
0.16598571808205076
0.8106016874940065
0.8057200463589242
0.8363645539955022
0.8927769083322767
0.8578174329646637
0.7041732246591296
0.7409609378079165
0.7489531261830863
0.8596536952040045
0.9048881294277571
0.8634354851386689
0.9137997637861355
0.8988263056984431
0.8953841493134652
0.8399384148071235
0.6379978864076706
0.8032249485114915
0.5948254183763214
0.4866876727830832
0.5553101690525458
0.8461762491105642
0.8461762491105642
0.964234995750515
0.75
0.4170339053559594
0.4559101950995793
0.7929616642894478
0.7949940325458401
0.7891485627094296
0.31101149439573045
0.8811177274766191
0.7242184731856006
0.8888912421440192
0.8841864286074826
0.8727608806465368
0.8347789269594517
0.8636981822462061
0.8450783702433913
0.9301022253681723
1.0
0.8499080479866864
0.9354601485919553
1.0
0.7160247353666692
1.0
0.7945560226782389
0.8311010784255731
0.8797400347249349
0.9114790588788626
0.8764200744287097
0.12289957524914383
0.8904926064987455
0.8634245988426297
0.9680149955071021
0.19576859271290492
0.3649440356951604
0.7751918436085946
0.7830271719918208
0.9411787747451899
0.669663377908552
0.6687152527716205
0.6746089357733547
0.14915397616508352
0.5714375799355955
0.5970422931666622
0.8847742248730487
0.9004294224365403
0.8847742248730487
0.8927488646904895
0.9429900538330014
0.8673545432691331
0.6336342418505875
0.6939274875616758
0.7110771228957768
0.3557000055467263
0.318088253921397
0.3725998435152078
0.6823514154402892
0.6887126172680736
0.6989737610601908
0.8606116771958608
0.6928470433105987
0.2902521808499873
0.45172681618851335
0.892470658951747
0.2717886647563408
0.6806118866236803
0.2419073823321805
0.7876932091027542
0.5003169899454972
0.5003169899454972
0.5006861651817284
0.7676345473693039
0.5421581613918744
0.708934621757233
0.7992521131508827
0.8283303394058243
0.8113344764177175
1.0
0.9242751232506741
0.9242751232506741
0.5844772315733731
0.5679474850441584
0.5202226247301274
0.9048882857394108
0.8722829464389098
0.9599042183364113
0.695406204316372
0.6608243896299604
0.6829377631589449
0.6373257321911634
0.5493050628152485
0.5626107294452536
0.8944859607812623
0.9375068935720188
0.9649647659082541
0.6428278361636377
0.646122067233212
0.6842853883187352
0.8824831144449333
0.9462698945904362
0.8441951111768424
0.28178074689271
0.8825789568569631
0.8818992825063595
0.7956113706948826
0.7743571097944978
0.7771473868362896
0.6436429183205339
0.6214538036917674
0.409081078372842
0.6646334889431702
0.4362375142451296
0.75
0.7018910252210576
0.6427006592924178
0.5470553009287332
0.2761070595349294
0.8894783867321943
0.8561617427946924
0.861944337179424
0.8437159010071561
0.8058577487923557
0.8991766538760202
0.7704529490572954
0.8844614301044568
0.41511910995406126
0.7334014366137238
0.7987909400716702
0.9468772911097537
0.8056995128929895
1.0
0.9174310256121314
0.8435599781988183
0.9130754959973386
0.8852792093734524
0.887687749606241
0.8955696879179793
0.7802816913969831
0.7097033174899183
0.736835211004924
0.04340751941540133
0.7847676335955239
0.9077492483937819
0.520907592621018
0.3703305979787787
0.75
0.5400055097273233
0.3763920401763776
0.5124853000627535
0.016410816829632413
0.7701618819166367
0.8022023970239476
0.681826860447585
0.75
0.6021754221194957
0.3986432643736776
0.47924110938594144
0.8472858597734538
0.6992526516380583
0.8052768220819162
0.577549522632322
0.37186776451360104
0.6071439976570037
0.6071439976570037
0.4582824869733672
0.5151214066244096
0.47433134191951254
0.9752478441374766
0.5371389636574896
0.4678137564919109
0.75
0.41686467897968105
0.5215856490430947
1.0
0.713753647376093
0.9313477953452436
0.8985848312110691
1.0
0.8186526703755885
0.6073298137139473
0.47059703205867337
0.5968840100364674
0.9127927227932007
0.2857429109584486
0.39075130600209274
0.681826860447585
0.6021754221194957
0.45647054114460917
0.7344610538761469
0.8085186382062755
0.8594636769520473
0.9423725843509736
0.9438455796253725
0.9353228495276357
0.8755658926305885
0.8549339421997928
0.8551944775218471
0.8884395686605612
0.3376370606994631
0.8592353356837992
0.7017860490381881
0.7017860490381881
0.6352638217107194
0.8809471354275082
0.8483414663181316
0.8538131484127893
0.5936684016209107
0.5572440719878031
0.5889877450746187
0.899949426421547
0.9088913961225891
0.9002707064674166
0.9252587113041209
0.9335567301987315
0.9179751293148315
0.9439875036381131
0.1381129977340939
0.930616568126577
0.28306660915865345
0.8389621770425413
0.8907434357119725
0.9229229827116879
0.9107925463204379
0.9079582122624519
0.5878746281030741
0.5626225476099415
0.5610173052856559
0.8149230290747699
0.7768323556449925
0.7768323556449925
0.8326914424695806
0.7881850167431724
0.7967112782721547
0.4948575839509449
0.6324553063785341
0.6188434568624575
0.7158389409114999
0.5025504770367879
0.7604031505110985
0.917501331653142
0.20641199756303577
0.8978838674477043
0.9023339160361546
0.9023339160361546
0.9023339160361546
0.994378431677428
0.2297776371763486
0.8264160860752272
0.1268217350426053
0.11529479387232619
0.4302569915906655
0.5678508254152013
0.6966495570204593
0.7937979970885687
0.8479563412591209
0.7731078459636322
0.842455561139093
0.9647547042922295
0.13304933583767747
0.8931537975550877
0.1400920305994997
0.8928115654459405
0.9018563679122111
0.7713915603281501
0.7713915603281501
0.7841621225162624
0.8230377576439344
0.6963555739211802
0.7922631572474541
0.8144158290116424
0.128835834141654
0.7939013287181157
0.5069248946638444
0.3488423031453904
0.45654959747788665
0.6618927016896374
0.1894535919709632
0.6472432445680186
0.5908033587068955
0.5908033587068955
0.5403609022902163
0.9761243903408761
0.574992981953022
0.727012203871636
0.8143630956379068
0.8043630956379068
0.8253028318500955
0.8936942705834899
0.8773339197134895
0.8529303379183512
0.18849811254114482
0.8108491630913113
0.7936325886199618
0.8245523545281073
0.41339827287348896
0.8493671526361171
0.5881621853004788
0.6757486821615974
0.53255993235898
0.4066885989355578
0.4653747433275849
0.4251616051649786
0.26018465930244555
0.27628749941136094
0.8105305718886321
0.9680939611572492
0.817726500763087
0.8695099076376513
0.8687074353636639
0.8198631157657681
0.831482422280561
0.9322318203946501
0.8384908267553333
0.9047012310627007
0.9210073860175249
0.933791066988801
0.8458199388811055
0.9303650116303095
0.8322684873083707
0.9247558443780907
0.8511619859702826
0.8676222466931547
0.762961289899655
0.43322763730724023
0.9248181222192176
0.7381427468405878
0.5588802778555995
0.89440958229618
0.38282069302521154
0.35994121844372917
0.7238892351875861
0.7415251826843292
0.17599715061612095
0.9712107310961793
1.0
0.13307510001911904
0.8849025225273044
0.14640776694642826
0.9383417501502728
0.861078433852183
0.9326116574373907
0.6520399754183179
0.35230688106645847
0.44397076642067634
0.9024678917735048
0.8916892542573425
0.8999416662312301
0.7182820315988111
0.9208979118845193
0.9085992672135765
0.8374548805434189
0.7558184983555041
0.8977517625063808
0.75
0.5232463323210061
0.4966078470109739
0.9628509048565003
1.0
0.9653478042386456
0.8094577044912602
0.7574920706075624
0.7451168251481838
0.4392523743706285
0.5417125046066125
0.5681000652242272
0.909366222012437
0.8370609222977282
0.882638564188396
0.6832572965094277
0.8654720669963739
0.8723040163731035
0.8924497972754253
0.8590121053973021
0.8590121053973021
0.9176717762948298
0.7810440736345001
0.9122153764737133
0.6445223539395651
0.46132968645146233
0.38581102009272683
0.31400157537539414
0.5160624767281067
0.5211799249435147
0.797897711085418
1.0
0.9527298115046557
0.8325277787486467
0.8042209417308371
0.7591808488397424
1.0
0.9732996667453852
0.8981939158736357
0.7332402049320501
0.925468379356186
0.8159439897252811
0.942017210284169
1.0
0.9383101198614954
0.28386564459301084
0.3800859061429207
0.379606904869152
0.9180089649841375
0.9270017776600199
0.826524854744932
0.7817903329384637
0.7789565499987889
0.8462474640850314
0.8391530883787082
1.0
0.8391530883787082
0.49364821802332537
1.0
0.6773188518589927
0.8260052635985662
0.8119801901602985
0.7941230473031557
0.17840680505261114
0.71749061102546
0.6985335286491914
0.8249700656103909
0.81884927406828
0.954606196571745
0.8933871572234731
0.9002653052519938
0.9013017090303004
0.7964051170182433
0.7025241339525952
0.8362064423625821
0.1095827627355351
0.9047290032811875
0.8863260995770531
0.9907241132149416
0.7877094367593719
0.7894689135588756
0.8561752019300347
0.8561752019300347
0.8069402887564208
0.7298048528175283
0.6854727520700239
0.7367885792372006
0.5760483685158152
0.5094122001129466
0.5407470524458463
0.9214447940637142
0.9228189696871886
0.6106605862975859
0.07383611979610076
0.8841382522609503
0.8818771038494383
0.6000206937527351
0.8598723988160175
0.7659624663357654
0.6826512147755249
0.5730477832539344
0.6096554842361079
0.9066029626426249
0.810078920166179
0.8025335129593905
0.8380464740525019
0.8228664653992901
0.848785841459617
0.8636114711146788
0.7193771872320028
1.0
0.6903310897556011
0.8224385989181959
0.8222482764263426
0.6429849049246898
0.4939862305224099
0.7476083708087737
0.5906083490076363
0.8514223468270086
0.8592423164999891
0.4319927458200612
0.45528492089664674
0.408411945851904
0.7966385854498459
0.8900934639915317
0.8249595249811948
0.5232057679538608
0.7094829110718355
0.6112567298071703
0.626328419495309
0.6363801919664901
0.6794278468927302
0.4633328232945826
0.09225898061743405
0.4165448005416951
0.2968305673320347
0.8708633133409878
0.7017558558069066
1.0
0.9449003118735897
0.934943326395711
0.9332950903566624
0.8950185629654384
1.0
0.6622855992988544
0.6414522659655212
0.6564256365278381
0.6587045680092163
0.6433832493821873
0.6413442932234534
0.30503601302663313
0.6925502041791303
0.7964216587139378
0.2275279326441766
0.3092329559506022
0.8034279005254009
0.8023049987269367
0.9476072345060372
0.8259309642576312
0.8451154104877627
0.8263697820070297
0.8202950574077341
0.9400123787404946
0.7482798403673504
0.9120142754885132
0.2654011295223356
0.12498325378242886
0.1914135667290542
0.5213674522660996
0.5319537585063984
0.5290951774101245
0.8662510027020307
0.9201242980171118
0.8442803790989404
0.6376629732805164
0.6758007402356349
0.6143783461828639
0.8487446046358156
0.8321867616937699
0.7808203433560956
0.8564095677605101
0.7207941471797603
0.7007867682074863
0.24299589691464965
0.9326366632043209
1.0
0.5325231265902572
0.8111712709834984
0.7488547900626347
0.8775088095672521
0.5781923247447504
0.8302800045195216
0.10748109202424852
0.6199210525158367
0.6384959495656686
0.5437715249174094
0.4025277863015507
0.31979374520235315
0.5632118169058917
0.49419098117373106
0.5058623184592588
0.8561880347849966
0.8222485082350958
0.8418463187798507
0.7466320485701289
1.0
0.6892825501234958
0.9497618879564247
0.20117305693253262
0.6886815769487994
0.8374305103538993
0.8417826999694105
0.7732169006029457
0.9151779444741492
0.9100855266337157
0.8778016571447314
0.16107946669085105
0.8977752268966384
0.7271147139531474
0.9553575033276615
0.940309726817039
0.7503171271614495
0.34402512769499866
0.9866214502056678
0.9263954472794232
0.9119655400400157
1.0
0.2604281151481016
0.8846464151725523
0.8556354457418321
0.8512657412792147
0.6883688213901841
0.6883688213901841
0.6912896804474566
0.9278264789046201
0.5107481553761299
0.749454435846503
0.8197491795443734
0.8020018551787593
0.8557476407240903
0.13276590653354434
0.8521791725303383
0.8412685516780367
0.30551733437383566
0.8358687855363606
0.7694746259881442
0.9580165537462515
0.9254942795021959
0.7351027628447202
0.7099258615130113
0.2519872271277434
0.5500852165115047
0.7240238219299122
0.647683155748221
0.7129073070106577
0.75
0.5152780817106316
0.6429849049246898
0.587301613267963
0.9775309568365562
0.9455316307633568
0.9319477702866636
0.9023965174382858
0.9144955628643994
0.8782693887842807
0.8500455431966116
0.8416520915638881
0.8259026118027564
0.8175690419167614
0.8217842231621846
0.8698734819910632
0.911462113709877
0.46472089569582864
0.467704421627485
0.30622075871273685
0.29097768910881483
1.0
0.9811115766442958
0.9811115766442958
0.9131226565326453
0.8851723117460064
0.9030294546031492
0.9328572971093672
0.9662997592310582
0.9139005673060328
0.43744241870574474
0.664427722049069
0.46210177132660835
0.813697054734658
0.8139000200858012
0.8100902640763384
0.8787743101145759
0.8931029997705672
0.8931029997705672
0.9945021363141943
0.9804024882356915
0.9369242273661263
0.3211347234074096
0.9075625329177306
0.8962852460483449
0.8222307035189131
0.7667092312863097
0.22550877503947805
0.7308342887687472
0.9250921560894139
0.9002197904427907
0.8843102508244943
0.832823959165468
0.851801794709349
0.991287780536602
0.87368776846287
0.9108618277059682
0.31005737698771624
0.6219680651276182
0.6194069836232735
0.6097447545006802
0.8234398828731793
0.8559875960121534
1.0
0.9473520143876262
0.9013961628615734
0.8931567901506802
0.85193995679934
0.8534961221191006
0.7823223153260923
0.7929986889867573
0.7042575455176551
0.9289563141752566
1.0
0.7593280310046617
0.14364023485811445
0.6030350545608933
0.6030350545608933
0.7703748918777921
0.31866337852603754
0.7228796139566684
0.7441653482060877
0.7441653482060877
0.7241885574108275
0.939668325894447
0.9793711083720315
0.914351681888035
0.10101774658863924
0.6847665421022874
0.7048413617009582
0.8401279548378114
0.8436805186823878
0.8384478357165616
0.9060688905719254
1.0
0.2469374728078208
0.9456528681026808
1.0
0.8238736009843064
0.13326597582184896
0.883163845585828
0.9114984891310904
0.6062460905251146
0.5801603967577564
0.543906860358667
0.823363053011126
0.49964181386634876
0.7874020710490826
0.7597398538733442
0.7555470957176031
0.747128633691629
0.692650810273757
0.649231406584031
0.822454869218128
0.12402650455042089
0.9307512615112263
1.0
0.8067970730885378
0.4114464377691554
0.6676947100396994
0.8432914935221784
0.9340718950473323
0.9178409493659834
0.9598708407443753
0.9223345958069724
0.9200285902401313
0.18760070986855767
0.8169395053389483
0.5894210645490069
0.46160658067361315
0.462859730611235
0.324994366409988
0.8507118575386575
0.8070934818015159
0.7975516741754782
0.9402219147847003
0
0.580763895025371
0.6978187783030656
0.6052616803299395
0.8623126016722846
0
0.6116895410577858
0.8593252047528852
0
0.646368951134256
0.2536208598958887
0
0.6039233351701793
0.8892210050375945
0.8939674358293344
0.10617251982652168
0.9000753136826081
0.04743229824037988
0.3783595067289659
0.4969361575670671
0.6277605143831796
0.6164006774486789
0.5989108450661671
0.6001098767534174
0
0
0.6655368210353538
0.8705438899474756
0.6623174738146502
0.4458823379719109
0.5119465297012609
0.3310058507563677
0.9127888815867178
0.7467892124782307
0.8735603861056687
0.8804853313441099
0.8282253006984075
0.7086291078092444
0.9379308912301602
0.9273232628106014
0.9011356395561326
0.5943379555501407
0.8412815675560621
0.8741924399557416
0.17134082051871957
0.09375707300627126
0.9541801582090617
0.622201984646291
0.3263256869485607
0.7634379124946611
0.7296725708284281
0.7293003068014625
0
0
0.8788706488573333
0.879343828636263
0
0
0
0.6866695873240571
0.6646507076343248
0.7201630933673439
0.7114274250273724
0.6894076066677998
0.546478197993697
0
0.32533539530186156
0.6708155778919033
0.75
0.4691925868612374
0.40638668204081013
0.5603099178406773
0.7639653319228814
0
0.5823655804661296
0.541055416803133
0.7633569094254411
0.8306918192757883
0.9045452057064249
0.8608218459634833
0.6041911831603924
0.6785048422190857
0.6925591055442419
0.9242751232506741
0.6902223421118946
0.9071277278225325
0
0.6024042015587193
0.685754603735448
0.23072472624569268
0.6841553187996351
0.7721426567599502
0.5430706107327694
0.9830081544000386
0.9176554457932503
0.9152446001219898
1.0
0.7524333273557238
0.6173036119877036
0.8592891415032118
0.5798615859393363
0.8819043879177981
0.6827570273776593
0.8926342010670425
0.6871672542817285
0.5524076474431577
0.24001366038735023
0.8845137989210357
0.9074696586472668
0.5954016724475035
0.7102948248144682
0
0
0.7947380075235542
0.5900798046721761
0.9144460171437586
0.6430739487648429
0.5124417648519806
0.75
0.7056170427969226
0.43971550476677546
0.31730508201919105
0
0.48942577962626344
0.8484354277902258
0
0
0.6281126941718296
0.35955418321484856
0.31128002903735064
0.33961987126335635
0.9008666257581776
0.9202199893587792
0.8893784232926321
0.43745080420273974
0.5138276251108581
0.8406796870629172
0.7540922448144263
0.8169462378718366
0.7449253189638658
0.6314692759559197
0.9443783195732547
1.0
0.8165197592622151
0.8098892423347743
0.8098892423347743
0.8801783432640767
0.9314250164375053
0.9246630360028897
0.9119317993030095
0.8931599300500633
0.8931599300500633
0.9721636143570678
0.9724096614604898
0.8261065840433526
0.7715950386900494
0.7714731210542296
0.35344728466867414
0.7462175183093069
0.7390033449445068
0.8160346288967477
0.5751696243253546
0.4868015836410643
0.5284878497284179
0.5167501310611431
0.1255983789078417
0.3053425404243961
0.9686257293927362
0.8480394101941804
0.6526608580422909
0.985093886507825
0.8666157567588818
0.9262337211910607
1.0
0.8878909132305516
0.5968065988058049
0.3989203599138968
0.953547883754425
0.6376261401533805
0.6663745736021521
0.7456779550749758
0.6577538839469796
0.8338772964444808
0.825269298127891
0.8254053407256005
0.11097803926110344
0
0
0.8421237810054102
0.7450299987240736
0.8598104456580499
0.2678281946167764
0.8154997983858245
0.814838543897314
1.0
0.8994710077646549
0.9226118751189397
0.7989542619889514
0.8117654889572685
0.8206951032209834
0.848284604305107
0.5251758096006078
0.6616307389875475
0.8254431639805331
0.8356537881155679
0.8263514472934023
0.7937033361837051
0.74302967231289
0.7937033361837051
0.8640624150619698
0.41598956598202036
0.837756823944686
0.7753796731504194
0.3395174740463816
0.4429473324484903
0.8670171358177821
0.648264329367753
0.7854888992843726
0
0.7044208316892615
0
0
0.5489603096522094
0.6321231091318197
0.511425077632581
0.6835439082166284
0.4674931453926434
0.1776222916569754
0.991117846425559
0.8109027963302267
0.8306940178161466
0.8709205378480342
0.894950549394324
0.9578002304744209
1.0
0.927534661303207
0.92366336260516
1.0
0.4671846886401801
0
0.6184768037013486
0.6160663495636138
0.6457523168728854
0.6256090730892816
0.7450805528698691
0.8043435457610459
0.59856124310889
0.75
0.5626579745683727
0.9064608900880828
0.5056785171138473
0
0.8262493043596395
0.4267018577427172
0.8199548429420127
0.8391518025982939
0.8055597579726721
0.9752478441374766
0.3352806894344475
0.8131555151424446
0.8256091782960775
0.43781322943172596
0
0
0.8005943499091018
0.7913030350653981
0
0
0.8546266007065706
0.3882970494918012
0.561497757611061
0.3882970494918012
0.6773314821607388
0.6456008779202849
0.8696736711021634
0.9656655093821853
0.917053826103584
0.830543469301875
0.75
0.3517125737459788
0.3347584913941471
0.5323084522375391
0.4865573952864499
0.75
0.7737296517967145
0.5995582331294729
0.3749722781118404
0
0.9568797621538933
0.9541769933040473
0.8128937671750424
0.7561098723232981
0.5359113831077067
0.7644679277112992
0.5900104036484225
0.6741470670408642
0
0.8376326376107317
0.8257050289026513
0.7345582547591862
0.8531057299126822
0.7707015349440188
0.8518293984066198
0.6066074355876587
0.8144937997286448
0.7350355121623993
0.6887092362243472
0.43859676386626645
0.75
0.6101074392081987
0.6065972990245718
0.4536998553962258
0.5693008819065922
0
0.5693008819065922
0
0.8392230368226059
0.8144838861298689
0.2418367843526771
0.682837077887408
0.7712956047127493
0.4509202557420934
0.7165422094197417
0.9216032372736287
1.0
0.8192851707065494
0.6836138160622889
0.75
0.6339544073178458
0.5215856490430947
0.11205067787638859
0.11806312852270895
0.8849878648310388
0.7742314376835171
0.6593023460891172
0.8860105391602295
0.6484594907393499
0.7671591524967257
0.5075726032766362
0.8355901027429471
0.49892764679338863
0.7541408858017992
0.7467339675239527
0.7467339675239527
0.8463923231357879
0.920203524539008
0.8550352095384787
0.974455162548299
1.0
0.811649026999102
0.08027209862538832
0.48122503465829725
0.8104028794400939
0.8956863384744794
0.8518751946169416
0.8333593755723043
0.6287770566428856
0.6494531493436038
0.75
0.8557847299813018
0.8122530755908741
0.851519048359952
0.1589931535437273
0.8807711682385547
0.6579944676584312
0.2945550520686623
0
0
0
0
0
0
0.29606559495089624
0.2576040564893578
0.770341121072635
0.5669001659657907
0.7438175364882813
0.6588006730653668
0.26870396787091766
0.5008024344186119
0.9861467336485508
0.8671597633693235
0.9325755483083976
0.8454510904248665
0.8361579024556225
0.8454411683830213
0.7835994443576582
0.622522781140928
0.6610310923331124
0.8575294266536602
0.8635405546655672
0.8556962421407857
0.8839398899054537
0.8430345514965364
0.8453707605218639
0
0.6321931987150158
0.7902437829211776
0.9752539148003966
0.9211154477372654
0.8732366123566793
0.08961756422554781
0.9468259303467532
0.8740167803620027
0.6364133985229323
0.8354675090357381
0.8354675090357381
0.9032093786574296
0.36115583727027145
0.9180561672282646
0.669475174856262
1.0
0.8270143904880182
0.9007848387621843
0.8518628551331641
0.7226119870360314
0.9456073186812242
0.6528964234428879
0.8234462466803243
0.8482018854207336
0
0.4376783719994799
0.3868846300732932
0.9314092350282916
0.3904735969801827
0.3908374290718126
0.7670324189555034
0.6485993627697769
0.75
0
0
0.31071565387030825
0.7284292292766498
0.7788293434524184
0.5261894724371223
0
0.9031089595149501
0.75
0.9121359614292246
0.6417534967209434
0.6105554682300677
0.2691831536258702
0.3142601324794798
0.2945245284419491
0.9361106412188086
0.9529042911302552
0.5071930409634863
0.7680397679012985
0.7609348692597284
0
0
0
1.0
0.9306455445274284
0.8249294670134802
0.9245289231480115
0.5961516215318795
0.9024147509671124
0.725925105840324
0.8642389355585404
0.7323518476676822
0.11452796590859399
0.736112321582966
0.7327257494366123
0.9130144469932407
0.8720842350309991
0.9130144469932407
0.695133704469858
0.8932753802367153
0.6387474206881253
0.13097141810044827
0.8879090784182323
0.899506452241975
0.9122930233988598
0.9244763279497553
0.866328538850051
0.868312401656614
0.8926135128511269
0.6557814351578723
0.4506125107799303
0
0.7963346760686983
0.5528729691291939
0.5105418012443076
0.5954784511556064
0.7245161632782997
0.75
0.5277232831605644
0
0.8102839362113573
0.861077489456864
0.9453843142229201
0.9173883174059696
0.8588102739435863
0.48574560654874105
0.3961807630317852
0.9887568633548559
0.7657514553520699
0.7636851102965347
0.6384859877106172
0.9359971258337021
0.9407951698471513
0.9325985218653339
0.8230024744106089
0.8550376504788975
0.7907990981358015
0
0
0.7646262523855007
0.6388297258868998
0
0.5597206534993219
0.8884976876888124
1.0
0.8572984732796632
0.587738410579574
0.7737894082753747
0.5265515023938858
0
0
0
0.46707832826302664
0.451205975363961
0.5034800356250961
0.75
0.6078976984537487
0.5487719785646633
0
0.7877289168710915
0.8968222776390946
0.27633761194741124
0.5638852873275634
0.5241515955667146
0
0
0
0.7883431501366827
0.8920009351517306
0.8859497389550279
0.25344237153337823
0.8240159305726116
0.611148150674735
0.46530759348095996
0
0.5119465297012609
0.4768814839843075
0.35470600724592694
0.5252636597737161
0
0.2805517592157551
0.9624899174959078
0
0
0.9199081824587932
0.7975769957379202
0.7612132349686493
0.5417067864868894
0.7734908126436851
0.7764562612008025
0.5988564903985646
0.9082717187111335
0.17003250391562086
0
0.5756467469749788
0.5372578024601304
0.49995372405815075
0.9324639258543491
0.6437591304020833
0.6399514640230712
0.5292042608960812
0.8882091582139151
0.05837217797182091
0.9438028783978646
0.8647833422713553
0.9365583016373522
0.8376084055921177
0.4365328550199077
0.5681080428176868
1.0
0.7042748889167691
0
0
0.5636107395491277
0.7949908054399695
0
0
0
0.629553967326053
0.805362984645031
0.34039083116329394
0.8669242238989153
0.7770670881730433
0.7915153693323381
0
0
0.75
0.9558874929612222
0.3213441384340609
0.40939257329848266
0.8818887838094172
0.9267424731170804
0.8571152628573778
0.5984027919537999
0
0.17355896044355595
0
0.8030999980358698
0
0.8609900261169687
0.7960649168538342
0.8641076656905522
0.5877768431400877
0.4038388042435579
0
0.87892066286299
0.2439078997363839
0
0.5619080468177485
0.5854846325248393
0
0
0.7203565332271562
0.8292299892759423
0.8814312210148447
0.7685851505712407
0.600041310694632
0.9049473355346794
0.5075668345984522
0.9111898354015756
0.7422479387415257
0.6975941310892868
0.7197729489046827
0.8710220023300164
0.7927476328344215
0.8061366517027682
0.8747974189690186
0.7879744285613188
0.8646842922019289
1.0
0.35828007960012614
0.3842194868676676
0.8576699827496785
0.8422065453208045
0.8367835418020122
0.9712165828146289
0.8646247509623506
1.0
0.8026689342096449
0.5142534071815017
0.797517494958349
0.8652995598752621
0.6565859481007943
0.8375566949623745
0.6383932389037003
0.5971992494895484
0.6365326039710109
0.27141932521047557
0.2827703105343472
0.26708361806838155
0.7226563841900471
0.3724082130144155
0.6273714153990466
0.7191676204749318
0.8927982231392962
0
0.9734087011114714
0.635143287762221
0
0.6184290134394109
0.4118901059077924
0.2867743129341494
0.8740361071860597
0.75
0.6260035151082675
0.6993439242539181
0.08818904401650324
0.5034139137768403
0.894250296107822
0.8536327735005891
0.8868409587779744
0.456923204399178
0.4731386752134703
0.5454992080878575
0.8918931031796228
0.8132746618480348
0.8034007502255188
0.7855423907873045
0.7371724050076303
0
0.329201472598875
0.9127559539047039
0
0.9337715653114105
0.9382838443714491
0.7445944328512591
0.3828713076366619
0.7189383415646592
0.5904594690703057
1.0
0.8165786715461182
0.7844289164993025
0.8495778065298857
0.4133646207668408
0.7992947065312989
0
0.8889917158378161
0.8366930854525426
0.9051809614643849
0
0.8814282656254644
0
0.6111300413730237
0.5861092812449151
0.7579842812449151
0.6333954831091899
0.6575279341983483
0
0
0.6260035151082675
0.695111466519657
0.12458084588977203
0.75
0.3874022032361977
0
0
0.8463541668346122
0
0
0
0
0
0.5426022558383777
0
0
0.5818543514206265
0.6581746417496472
0.7008204546438425
0.6477702279786561
0.8366654128694766
0
0.5488266362400803
0
0.9028573552355563
0.18683561531438947
0
0.5334035176319152
0.5665864456493792
0.7815095520363406
0.8940028831821574
0
0
0.18941635176336993
0.8922856985446501
0.8154523184249421
0
0.8428921116643987
0
0.8289455210096159
0.17467880107095374
0.7411288406978502
0.7298580195848399
0.47537311050009234
0.6552900867289013
0.6817048521268303
0.4832832169071669
0.4832832169071669
0.9626706921477303
0.937529232822188
1.0
0.937529232822188
0.8779264848622781
0.504702589868221
0.8779264848622781
