0.8929880579793215
0.8401512504173425
0.681650274156708
0.9466861748915624
0.738748832793448
1.0
0.9428339706962496
0.8426049126183861
0.9540760213851457
0.9360949707602446
0.4709662266783332
0.8961913978070983
0.7497804968951769
0.8466490035412463
0.8592459284402999
0.7105487245174247
0.9864077380272009
0.9285195665673718
0.18759144651298698
0.9146507076343248
0.9201752703296939
0.90774279465268
0.9646779047333148
0.523175119782825
0.5557877418269073
0.8324990060669916
0.8065263493904399
0.9529862643191254
0.7028111703252795
0.9023170917387642
0.6530799794107818
0.8592891415032118
0.8926342010670425
0.39232930025571394
0.9760512400309616
0.9207884343204797
0.5900798046721761
0.6869870496188029
0.5688434568624574
0.5900057128463758
0.48262774935097597
0.5798024546194711
0.8675557840114392
0.9895148199038528
0.9896516022906416
0.8174630054868204
1.0
0.7641144592246992
0.7871672542817285
0.6957845334469254
0.8793825557341927
0.9146228508936384
0.781534073669414
0.9803751561750285
0.7915452763565634
1.0
0.7094027529182311
0.75
0.8744101932263493
0.45528492089664674
0.8982340600718746
0.7450299987240736
0.6341837673750805
0.8447893074306008
0.9881793081124057
0.8543090917694005
0.8409121741676544
0.8321348018529645
0.9006082527901701
0.8409417899173408
0.17052021348024293
0.8177761536653909
0.7509024576676642
0.8200015714642765
0.5121682331341573
0.960978731796477
0.9170071382022892
0.9958663447446284
0.5650404814853717
0.6115248571804063
0.59856124310889
0.9064608900880828
0.9367416627214911
0.2759406869521278
0.8131555151424446
0.632173969838766
0.912586181227663
0.6786863403856542
0.8170951592476886
0.9515229299506186
0.6807877536728332
0.45897968196964667
0.9205533731458531
0.8889132560175046
0.5953710584509225
0.747568902331964
0.7561098723232981
0.7741470670408642
0.8376326376107317
0.7121072811961034
0.45569325671852806
0.6887092362243472
0.911392911156159
0.25962341377674836
0.9250901865746088
0.9891136649869037
0.9364262515810601
0.75
0.8735677473018117
0.40312997573535936
0.9442677657419254
0.8765877625117363
0.9038023720489217
0.5078791460145942
0.6921759296425469
0.667187592365813
0.547831238583808
0.9180336841135688
0.9750444815009729
0.6579944676584312
0.8535145030218649
0.4256260651713625
0.9507162012563952
0.7311881036079753
0.9571170250209668
0.8158396226313585
0.8989620615437661
0.9078336313116838
0.970092229490334
0.7334462820251809
0.6772331494640536
0.8535602401259066
1.0
0.8356944747656974
0.892299790150598
0.9083179956700491
0.9289535661110371
0.8806806098479417
0.37747322973997033
0.6485993627697769
0.7419248445598456
0.9237053412168421
0.6417534967209434
0.3142601324794798
0.9832314188428051
0.7293817074313711
0.8392493213837404
0.6129204531815126
0.5353234606077546
0.5841626970122411
0.8490758187412129
0.937541571158296
0.8101092678492832
0.9532031231707675
0.8126294110123956
0.9791531243550113
0.9396520505705842
0.739264617294426
0.75
0.817059426978525
0.6366027714180208
0.8437069326133992
0.8747224933735585
0.11677786964729654
0.47667747412662753
0.927250598627974
0.6414014498005511
0.8103068085542715
0.8551617890396644
0.9055549381146004
0.6837785310811546
0.6582199998531858
0.22322491146452794
0.8209995874574373
0.9092327768301214
0.8574038245072815
0.46530759348095996
0.9741503553822268
0.23425697286478472
0.6601152755357234
0.7612132349686493
0.14452446087962004
0.6677112122395359
0.9324639258543491
0.6839308833734087
0.7258042361660524
0.664949465241987
0.9735324907352155
0.8960332625113571
0.7949908054399695
0.8468658961325787
0.805362984645031
0.8280488656244072
0.7344336143575224
0.8555754146077816
0.9267424731170804
0.86239025053592
0.0825407639312539
0.9839087380618311
0.7618735569724151
0.87892066286299
0.8119080468177485
0.7811143418305322
0.33929892928219074
0.7242372787689849
0.8641969895726629
0.8506188998100245
0.857691101796581
0.6601863347882287
0.8355767822757958
0.9166535522451106
0.580041689793832
0.9272986186921331
0.9019999273418746
0.9538465171913859
1.0
0.9734087011114714
0.9362558877581397
0.9703307389660312
0.6993439242539181
0.6985509498885022
0.29799126362897466
0.8784349587340642
0.9037611278290081
0.5316130459851747
0.86517147093249
0.9128387667846686
0.39142648309734707
0.7483834427671014
0.895880666863349
0.9667100413238661
0.48256186211083174
0.9357161811722796
0.7512638067374884
0.6575279341983483
0.8987631685106219
0.5825052519108829
0.8622603026030307
0.25506368428090287
0.8243948055429643
0.7674871213105091
0.8324984433053574
0.908131421412233
0.5978056517372206
1.0
1.0
0.964023290890861
0.45480843243196745
0.838786482949662
0.9212661480283099
0.6976277095002216
0.7787378487955252
0.8916471685189239
0.47680008360670556
0.756664083471568
0.2522332453130552
0.8849801314483421
0.75
0.6591181982574953
0.6901993958470274
0.9504888605772102
0.5450258890063663
0.6075830230619794
0.3109569827229349
0.8650407055936475
0.9105126098222911
0.3486148674887074
0.47555056273357077
0.9961820848900744
0.829922023919099
0.8222099835379476
0.9122866650680318
0.9415721197308062
0.4703528070694738
0.8614790550306687
0.9507125230758916
0.14418482783729747
0.6505008124825475
0.9683468226831972
0.909227994610523
0.6903950194618743
1.0
0.9610812040520789
0.9304727212782078
0.647177659436488
0.9318006483675862
0.9813036356875167
0.823889899667589
0.9122883687142298
0.7876612883619062
0.876752828743322
0.42833303739066686
0.6346554842361078
0.8744801514758643
0.34480122025420884
0.8682193502908744
0.939724487794877
0.7113766995342966
0.9337648422415628
0.9638752846557952
0.8506418439892853
0.8442796482065763
0.9346332180883183
0.6555291281651869
0.5473696364904775
0.7611652755087029
0.6470844832072596
0.9533060697349972
0.7989592101285464
0.9017878851092415
0.26629633996917906
1.0
0.8771949212281058
0.9203490639271438
1.0
0.8202367642421414
0.8951844251239618
0.9343481782039511
0.8297127553193681
0.9259582003023245
0.9120730724812756
0.8447351342103483
0.806576487089578
0.8599942275061766
0.9387429002631027
0.5403903227767519
0.4823872477054629
0.8260550986326227
0.825887555841854
0.9413737533670379
0.9654259587689935
0.8705273283725186
0.8653967550402686
0.9366560485803388
0.19379715526538058
0.27203136522598464
0.9451094935777371
0.8813190351829362
0.6102205401905838
0.4593347371703258
0.9772813415912682
0.7423623297282063
0.7140066522914026
0.9288519056896614
0.7022329268233014
0.7844625376078913
0.5900711191633135
0.6602184038635475
0.4841859683748855
0.8942563977361215
0.8464976594671161
0.46200298272772466
0.8835067364795052
0.7463738547290165
0.8604941883260795
1.0
0.5302572346117886
0.9803188765925257
0.9297481875949354
0.9110309228110468
0.9387631684965486
0.9705716485464828
0.9443062020673987
0.75
1.0
0.8419354208171739
0.5107165993075178
0.8229007691037094
0.6291477110854179
0.5207310599488093
0.7768603118701755
0.7114688508908655
0.42262369464026595
1.0
0.15338969005778666
0.7413477772922108
0.7589475729474877
0.26189511452190906
0.8707731419947926
0.937534234297493
0.892044828393836
0.8577552346156239
0.8906980237210613
0.6957125968296484
0.1578819458061565
0.8136177021178361
0.8576320527714086
0.7006330669528459
0.7594576191526773
0.322858766166335
0.644969476638935
0.8967617651375492
0.6439013957307463
0.6684722437728058
0.75
0.8875646400451923
0.7980739852318355
0.8761867492723139
0.9773339441442196
1.0
0.9273019510079468
0.8723919123706637
0.8590392988392332
0.6695828832694563
0.8295524239502415
0.9510932277820704
0.9305689302754234
0.9131188998100245
0.8361871826619469
0.9081955441121968
0.24408130527554164
0.8753354749000023
0.7455198139669387
1.0
0.8387796097028809
0.8501942028899979
0.08075294986255181
0.8708648299892916
0.8388677804630053
0.2128449530030409
0.9517120843061884
0.9481677349980642
0.47783847883102404
0.947444077381406
0.5986718021207473
0.3651029505961945
0.7571632530701317
0.7402116254675283
0.8782449710842294
0.7580219103251605
0.9300848410196411
0.5108878487550786
0.2234453946584405
0.5684709250996365
0.7180571581933957
0.9332029944405882
0.9155122623617997
0.9361008743455631
0.9719055926991946
0.9549891702587181
0.7955173971124371
0.33602684500131114
0.7536999215291591
0.8506285616959668
0.8888508760628705
0.9078577734157371
0.7337859800583123
0.8514034732570896
0.9485360069206327
0.8604320824833602
0.7728203497597894
1.0
0.33401982563504135
0.2012719429238461
0.8394338105569765
0.4531358804584261
0.8701525611610975
0.843244859444672
0.6189014578432552
0.5766058175009303
0.8039097308960567
0.9354685495618769
0.7933708753449544
0.9478879835919585
0.6247942334308196
0.40545883152487566
0.8119658133746306
0.9873681902852036
0.9870977636152091
1.0
0.8028792586677658
0.843239076548015
0.885549325770987
0.8136837916811694
0.36271319060275853
0.7944626861751506
0.8198002559450756
0.9298991392168352
0.34652266806582016
0.29128695620550077
0.6635921999468647
0.48654174492512814
0.7881776476675824
0.2556183540783477
0.8358422142448911
0.9642695810032775
0.818193783873669
0.9405909238499588
0.7035898468273265
0.8673718012789285
0.9315636502187039
0.9641785230412196
1.0
0.5364729681546758
0.4638827137435506
0.47613703130568186
0.7255927817341834
0.7497693500127123
0.8793529274776027
0.7553671759062519
0.847546542862529
0.9841974283224264
0.7676049702133738
0.7746777650314317
0.7188585325866484
0.7347804895431929
0.8530250750694753
0.8876319995278046
0.5357693485975121
0.7624326448311448
0.17764348622306192
0.6428738105591116
0.8800493955491364
0.8537536684999554
0.8854346944430258
0.39944727665431307
0.9841555211231532
0.7286434610436585
0.9108441365028327
0.9151374989311537
0.8123257352454646
0.7656526132733074
0.9696539556676025
0.40125631566610487
0.8159063845247387
0.7625140144611887
0.9857857938541994
0.6837378146559103
0.9049257253135392
0.8555614001431159
0.8936798322464522
0.6517213925917166
0.7909113438118953
0.7658880413683122
0.9081068131904175
0.229724821034264
0.6593553788059117
0.6495437314175857
0.7192312165590765
0.9459672561202921
0.9614229365780131
0.3277121027661605
0.47550259599182276
0.5946692935260302
0.5789359075101589
0.8615195817303336
0.940667224012745
0.3951021315062595
0.8769305554438586
0.6301834967272839
0.9021572335826462
0.8427937779055971
0.6431505149836565
0.774290981572485
0.9575940370075733
0.8882700838163213
0.9150197801658244
0.9684767228938227
0.6771486558300649
0.8803914376388248
0.3902830218289144
0.4472904172425852
0.848284604305107
0.674161108108789
0.49583889046450375
0.9151837542173606
0.5223053567803867
0.9301324507987234
0.7465346934107899
0.28027284104960437
0.27416646349623625
0.5084452451205135
0.9441621812828832
0.8938870778933083
0.44909258331904567
0.38173371718533017
0.3274741798811926
0.9249124903169748
0.9406701586900659
0.8873769377243269
0.8497926548679527
0.974387719823664
0.75
0.8942305512834178
0.75
0.9660898620910937
0.9322901632161398
0.5663494277634361
0.956594831199459
0.5212536892504387
0.9157870573795954
0.745866630375104
0.8632256072407161
0.4546671192597996
0.8875724997240793
0.12409106124614117
0.6993420289234161
0.67534996391305
0.64875023942467
0.6903880440456605
0.44724736338024995
0.4996116190801392
0.6634005009024612
0.8520266477863283
0.6059167407303525
0.650194502980362
0.9813480730865677
0.9255894180617845
0.8553982905441864
0.5767885020397072
0.9623810005560199
0.9063615878955182
0.3240378977277191
0.2136381747657554
0.9864075642098957
0.9714181963061841
0.8593779272378271
0.712372065338003
0.6315240921309958
0.6985441168263865
0.765404125796999
0.6087165004366799
0.8773563389520657
0.8739845634952855
0.809586486715725
0.8093509017507456
0.924451693228981
0.760586676831441
0.8907882495287857
0.5110961467255577
0.8402569725385622
0.9268667187336912
0.8716356339618485
0.8938665665612276
0.5044756687750792
0.7563132267816645
0.9242131283517092
0.9816602764721314
0.8501529730678399
0.8044812053856987
0.5766649557511287
0.9408246919362998
0.8067371466697629
0.8216833839172308
0.8747967431702104
0.6155654171665551
0.7736543777818519
0.8764516869548853
0.9285644662670902
0.5086742314235189
0.9159136593761925
0.9047630820232155
0.731297972933049
0.10053225382925071
0.8135403693496647
0.5778152525166134
0.9042612589489095
0.9542777327266092
0.8323497540986111
0.48834438487472265
0.5760178236029552
0.8816128648296585
0.8409417899173408
0.8588531735005489
0.7166907584004912
0.6341848497534569
0.8138468558844116
0.6472160288919788
0.9162583963572347
0.8275333709060599
0.8355754292145327
0.9078404488457095
0.6871074126051026
0.9097385227776462
0.6075432207507868
0.6215327459619968
1.0
0.30821596161208004
0.34249661095574485
0.7840046614791395
0.553281874473146
0.8942485975721415
0.824829897603648
0.9138394349344123
0.896782615989517
0.75
0.7978335794624996
0.9607657683040325
0.9376284020198226
0.834399334930128
0.8470964310564928
0.9637760930814185
0.7916217299499938
0.9386282064270195
0.8384306868478271
0.9205788293362895
0.4472528812355695
0.9703351918648951
0.9173040445244396
0.8948818379268809
0.8340229737300965
0.6081150938937333
0.8394852460379406
0.71399310478929
0.9032688987378235
0.9473264567644872
0.9284778863287477
0.7787259931885299
0.5185611328827137
0.8914631649429112
0.9493439242539181
0.7062524954360244
0.9025146590112816
0.5022807730825265
0.21344794197426825
0.8675081304894925
0.4698378703608494
0.8676011843682244
0.8348987599950755
0.9549730768149712
0.8226369457343529
1.0
0.7316330704048135
0.8544718305522475
0.9253691213219644
0.9761359013724035
0.67271028262306
0.5131108066065174
0.9246892994090543
0.9153223840600505
0.6383179170974072
0.8409417899173408
0.9854169344817341
0.9668428636657825
0.9007457638765372
0.5583687934545959
0.5864270394252182
0.4481281515800209
0.6717637562158149
0.8706483023373568
0.9346431322196259
0.8343779278129189
0.5200769070692827
0.9341878674695313
0.8160403365106426
0.8785830246780021
0.23800762228584788
0.4671349229934517
0.6884025355753578
0.8599454849208377
0.7339314103938414
0.8008445312086216
0.9219115223600205
0.9629202041379032
0.9460715218211944
0.9519431950336613
0.818702568881063
0.8347443421945677
0.943298137507897
0.8778594974283768
0.8134264187200828
0.42531407559348117
0.9374234151597969
0.7939504814423071
0.5482171756748632
0.8804447572956741
0.7284024497489043
0.8160520093592818
0.7491657970730116
0.9409084449285765
0.9260247674648379
0.8863221974844947
0.6622648520713383
0.9233327390136912
0.14980440730611774
0.7057010171596504
0.8397898199066464
0.8965169932018797
0.9184522640664009
0.45374347282307587
0.9599833297177414
0.9279028821158759
0.6178132862272451
0.9403054902189181
0.48962190080865303
0.6613556436266458
0.7960560543132565
0.9463864743832364
0.49777731116075685
1.0
0.437009946026201
0.8688899211908749
0.9364841776612491
0.3735779214491175
0.8667529603990064
0.835912619353279
0.8265575968854078
0.8788100182344221
0.9783662902073494
0.7777709138301367
0.8687721605327756
0.8143594197658269
0.6229374542654383
0.7967810246651712
0.38066067197223785
0.5817325795919227
0.5308889804825374
0.41515953900469604
0.9234010183933847
0.9341433582168455
0.37738330985697477
0.907701284313594
0.7498600901743521
0.29205688665034407
0.9851563863629064
0.6119305259334256
0.8889460057884301
0.8122654887334323
0.05500054112111904
0.8125746522985787
0.959948476653582
0.7470329605506919
0.9011668445052425
0.8435958798008545
0.9246879591118042
0.6929900538330014
0.8460090101122288
0.8833941039690941
0.892036766610164
0.9735196419990829
0.4851018571386434
0.7566802449792167
0.7782649691669151
0.9335460149177588
0.6011957288927035
0.7064129478135579
0.8321184624737098
0.9137658015700058
0.9216063727095756
0.7703514813192243
0.8764400375856043
0.8229223307731921
0.8853455208318355
0.4782106732535765
0.9471870824987213
1.0
0.1932442376267844
0.8706750164536722
0.5246017741820003
0.6071439976570037
0.9157271580356151
0.8658576371973976
0.5134813232878248
0.43856609577207517
0.8273517763528873
0.4557891278633066
0.872768141094812
0.8562128492996491
0.7934701809576188
0.49088496248729274
1.0
0.9868508424209167
0.9179651870394163
0.9166009341105856
0.9078696587048323
0.9860727737961923
0.704459799038846
0.7402995755707751
0.8606017737791136
0.42025243074409346
0.9009290185043164
0.7319808426137793
0.8838894929527755
0.41363569141278733
0.8388588013345631
0.7462785627382036
0.5686484244353671
0.4677649417739339
0.9449907308984594
0.5475854686061441
0.6719656288800364
0.8963339677625619
0.3330762999471142
0.7947004104263191
0.8905590315187943
0.9518502900326031
0.8919205682292741
0.8662858684865947
0.6310382849927684
0.8804376137348233
0.652676704528635
0.789895125172584
0.9491826383167934
0.8748767097657093
0.9068850298373794
0.9815056980498803
0.8930549830780307
0.7349753220684804
0.9871262347805542
0.9265985443570843
0.949279258349352
0.8045178359400414
0.8825871087406159
0.8341478751027418
0.5222592556781189
0.22706923423077627
0.9268524821246719
0.8823076190950283
0.5647994143246104
0.6518595132969796
0.8573373276931602
0.7172370733087686
0.9503252401037611
0.8966422068641444
0.879590751511358
0.9734645341133673
0.6261529773467698
0.534619111458056
0.931920877467115
0.7217449391522613
0.8395383474414335
0.4925560761645133
0.7563648733260384
0.4107765342370677
0.9903903326383817
0.6800187222327624
0.6068915739235636
0.9581796742430422
0.5524679655638794
0.9250504120418434
0.3400849920303449
0.38091267908482396
0.7722713815748583
0.7953241241376243
0.9820291370175933
0.23496895094379502
0.8467907531419516
0.8394066572729804
0.659025430035804
0.6061730181659402
0.7627265899105586
0.8832067805250323
0.8309811799713088
0.6971137591237322
0.9769945752198198
0.5510218025662881
0.8195208181220859
0.7513686613447981
1.0
0.5364997079347675
0.7150922033353273
0.8721862289164889
0.9647137167075192
0.6179093848676799
0.7672171205734084
0.633496409116038
0.8601766481564532
0.28886958934094553
0.7185882976166649
0.8355938579170765
0.9512537190578187
1.0
0.8837623441039859
0.7716881522663033
0.9527127667306481
0.7818820424645181
0.9345168463071328
0.7347288762905568
0.6998251826138636
0.8798959427962544
0.9671274491848658
0.9419342137314571
0.8148304197978664
0.9059674098183191
0.848349663007644
0.5644322025325088
0.75
0.8462135972968138
0.9568670903913972
0.8627674853892573
0.8149090657242071
0.962453655835612
0.8441196940951605
0.7739394234337884
0.6630722358953566
0.7478466229008458
0.75
0.5922008863320275
0.8325874836818922
0.9541406187112814
0.5071920735305587
0.9166318045184021
0.8424462229374001
0.9673668312034222
0.3990399534535801
0.9601565470732163
0.891285310685083
0.9367970708225403
0.8730842339984948
0.9032375275725903
0.6235808303573346
0.8789330436626843
0.9494801595638747
0.5818477954189549
0.9546241200534065
0.36450417032185034
0.8411637259275018
0.8787834384769353
0.6842110236462853
0.6144081379836344
0.9957802134641355
0.865328497937697
0.9625908728857302
0.800256518401788
0.18472325843670082
0.8966338772594873
0.8222028406759783
0.8801344833485863
0.9413163416302092
0.7822577570888394
0.46604597910582307
0.986149613503956
0.90195696970149
0.4364805639212073
0.79943314345469
0.8386875942843207
0.8088254246484654
0.7043741602606799
0.3781287399509771
0.9248877796080859
0.6703449453469056
0.85730534603241
0.35515438995266096
0.8148620061608806
0.6607524747944187
0.8288649750114163
0.8877433687080379
0.946431730249306
0.9079475131152265
0.8548132377152665
0.6041588234729772
0.7289689907210811
0.6980815537995616
0.9109373710032376
0.5568069239245352
0.7478418777147664
0.8159034571476969
0.885749636836049
0.7242428351194854
0.39169873315759896
0.75
0.6984987276981739
0.8196395423370171
0.42787559326041114
0.3807460873152905
0.8585932968097432
0.7062856056237072
0.5290465588375507
0.8455744507765856
0.6169315757949789
0.9036956942621017
0.5917587554528291
0.3456290188507812
0.7470621638833294
0.8864739694129489
0.5102080897679511
0.659284391645894
0.8839625902195012
1.0
0.6599317222364065
0.8107533848330493
0.8498579309113878
0.9680149955071021
0.9267323720451696
0.8725623136659268
0.9066432568149391
0.8688893194482381
0.9465561816702601
0.6792969966377267
0.9081217959234402
0.5686072280620861
0.9538162399579581
0.46530759348095996
0.5456207489480742
0.7457167843695658
0.8471779943293898
0.5434647104732687
0.3212127247612808
0.8193679190176655
0.6319948616516673
0.9177614648449918
0.9116581897467865
0.8926875411633266
0.8115213943744454
0.9402638838364518
0.927612564860097
0.7071934900787005
0.8360040160663628
0.5408257203996523
0.8863152078608887
1.0
0.900471351453565
0.8491097086832526
1.0
0.978276291552334
0.9243954149398044
0.9480663598860986
0.901136479397121
0.8348214830194184
0.9584260936439035
0.9382481825165082
0.7772008793434084
0.8668488700371595
0.12295925325155924
0.6744068039277872
0.6717056781845521
0.45022458503916873
0.4975208890521525
1.0
0.11698585067387535
0.9367636264524735
0.9453991654052797
0.7543823177491645
0.9762381413756795
0.8537992842316717
0.7699492279115226
0.7905730078268923
0.9098951747811493
0.9305952479045143
0.7030306204951096
0.3516640031415438
0.8065874197920689
0.7533223672187057
0.7995900139131581
0.8528114718061415
0.5785339728400191
1.0
0.75
0.8766701688991958
0.8889961833502964
0.913388108638282
1.0
0.685897013595862
0.7446211862471124
0.9885373053365494
0.851696099266314
0.6361468772262187
0.6530351254304821
0.9360917139121601
0.9372469358722846
0.8091823907312288
0.1327371242188972
0.860194589357614
0.2161306032163145
0.7773900584645658
0.4902963944788039
0.9235258142593148
0.41122848958101593
0.44538109705892226
0.9776040019177483
0.9610715707468112
0.7280278085251018
0.7291093214372919
0.5485556262444471
0.9768034105524294
0.9270685684295843
0.8037932013394833
0.5869989813180359
0.9845965427333376
0.9194141425914735
0.9303897350784798
0.445871466544866
0.8433174708815094
0.9327833308227091
0.9899199641275189
0.9379942163327106
0.75
0.75
0.8757906887060418
0.9335376720978269
0.9093674216522291
0.8366448832699143
0.8460134408204091
1.0
0.4278015079318127
0.7709356084732353
0.9777856414176236
0.825899372071608
0.20033310208271526
0.9509832201842734
0.9832809014834889
0.9531458685976267
0.5236900450175126
0.5444364954926946
0.8683321430091843
0.8712653829773274
0.908616159067609
0.8849632820060163
0.9290464075693879
0.9250257105171409
0.8399384148071235
0.5948254183763214
0.8797465569210015
0.4170339053559594
0.7929616642894478
0.8811177274766191
0.8888912421440192
0.8369215268657819
1.0
0.9354601485919553
0.7945560226782389
0.8797400347249349
0.12289957524914383
0.9680149955071021
0.9334230638288827
0.6687152527716205
0.6026875799355955
0.8847742248730487
0.8927488646904895
0.5127558720365736
0.39961627281794787
0.6823514154402892
0.8606116771958608
0.45172681618851335
0.7876932091027542
0.49614587736394977
0.4662238631200922
0.7992521131508827
1.0
0.08648164160717842
0.9016820357140618
0.6703719436195501
0.6373257321911634
0.8944859607812623
0.6842853883187352
0.9462698945904362
0.8825789568569631
0.7956113706948826
0.6436429183205339
0.6646334889431702
0.6427006592924178
0.3758856932998875
0.861944337179424
0.8991766538760202
0.7334014366137238
0.9468772911097537
0.9174310256121314
0.8955696879179793
0.9310004923299333
0.9077492483937819
0.520907592621018
0.5400055097273233
0.016410816829632413
0.681826860447585
0.23935188532996915
0.8052768220819162
0.37186776451360104
0.4582824869733672
0.4678137564919109
0.49599817095021703
1.0
0.8985848312110691
0.6073298137139473
0.9127927227932007
0.681826860447585
0.861768376874078
0.9438455796253725
0.8523879502892775
0.8884395686605612
0.7017860490381881
0.8809471354275082
0.5936684016209107
0.2652703901072573
0.9335567301987315
0.9439875036381131
0.9452950525295924
0.9207551079114272
0.5610173052856559
0.9827413261436834
0.38764948200218036
0.4948575839509449
1.0
0.5596505727570364
0.9023339160361546
0.994378431677428
0.20518688095205617
1.0
0.8479563412591209
0.9647547042922295
0.9112374536239594
0.8102589933206684
0.8880601694984567
0.8144158290116424
0.5069248946638444
0.6618927016896374
0.5908033587068955
0.9761243903408761
0.8276701376531882
0.8936942705834899
0.8669469930191169
0.8245523545281073
0.5881621853004788
0.4653747433275849
0.27628749941136094
0.9680939611572492
0.8687074353636639
0.9047012310627007
0.9210073860175249
0.9303650116303095
0.8676222466931547
0.9248181222192176
0.5588802778555995
0.818225924056915
0.9450344847842238
0.8849025225273044
0.9383417501502728
0.6520399754183179
0.9024678917735048
0.9208979118845193
0.8157437138758292
0.5232463323210061
0.9628509048565003
0.8094577044912602
0.4392523743706285
0.879468424701491
0.6832572965094277
0.8590121053973021
0.9176717762948298
0.6445223539395651
0.31400157537539414
0.6998754360744476
0.8325277787486467
1.0
0.8200903144733249
0.9121431637902858
0.3800859061429207
0.9180089649841375
0.5255042149032874
0.8391530883787082
0.49364821802332537
0.8119801901602985
0.17840680505261114
0.8249700656103909
0.9856033509209864
0.7964051170182433
0.9047290032811875
0.9907241132149416
0.5293225123963404
0.7464715194841949
0.5760483685158152
0.9228189696871886
0.8818771038494383
0.6000206937527351
0.6826512147755249
1.0
0.8380464740525019
0.8636114711146788
0.6334314259245396
0.6429849049246898
0.8480328371768049
0.45528492089664674
0.8900934639915317
0.876069818757377
0.5695622723516185
0.4633328232945826
0.2968305673320347
0.9178375394459202
0.9332950903566624
0.6786218808790042
0.6533455018514762
0.30503601302663313
0.7912140407999777
0.9476072345060372
0.8451154104877627
0.9400123787404946
0.2654011295223356
0.5263852873275634
0.8662510027020307
0.6376629732805164
0.8487446046358156
0.8564095677605101
0.9326366632043209
0.7488547900626347
0.8775088095672521
0.629783993321599
0.5437715249174094
0.49419098117373106
0.8365053373812585
1.0
0.9497618879564247
0.8417826999694105
0.9151779444741492
0.8977752268966384
0.9553575033276615
0.9866214502056678
1.0
0.8846464151725523
0.6883688213901841
0.5107481553761299
0.8197491795443734
0.8521791725303383
0.30551733437383566
0.9580165537462515
0.7099258615130113
0.6115687595375765
0.75
0.8702651745562613
0.9319477702866636
0.8782693887842807
0.8123855559742235
0.911462113709877
0.4824483430787265
1.0
0.8851723117460064
0.9662997592310582
0.43744241870574474
0.8126108172771571
0.8787743101145759
0.9804024882356915
0.8962852460483449
0.8222307035189131
0.8510633729742432
0.9227459026458477
0.991287780536602
0.6219680651276182
0.8234398828731793
0.9013961628615734
0.8931567901506802
0.7880702938947006
0.9289563141752566
0.6030350545608933
0.7703748918777921
0.7913040005662074
0.939668325894447
0.6546734141119358
0.8401279548378114
0.9060688905719254
0.9456528681026808
0.8812509992904115
0.6062460905251146
0.823363053011126
0.8867472459278548
0.692650810273757
1.0
0.8067970730885378
0.9340718950473323
0.9223345958069724
0.8169395053389483
0.46160658067361315
0.8372497838784261
0.5062656147483962
0.8816916505184877
0.8558856334024406
0.9070412123586794
0.8483420145936518
0.8939674358293344
0.7263655306584423
0.6164006774486789
0.6499547582189318
0.6638939317864111
0.5119465297012609
0.9127888815867178
0.8804853313441099
0.9379308912301602
0.8412815675560621
0.9162442960726824
0.8079767310364436
0.8608812772847054
0.9567320885897268
0.7624127646817673
0.6866695873240571
0.7031455562477056
0.6708155778919033
0.40638668204081013
0.8111274340206853
0.541055416803133
0.9045452057064249
0.7236935227622916
0.759240626085047
0.6791651600535458
0.8049969170510868
0.9830081544000386
1.0
0.5737069078470121
0.9327570273776593
0.3482309368266311
0.9049820003813911
0.4673212986151113
0.8850021861550545
0.6430739487648429
0.6897155047667755
0.9754049022845032
0.6072793608384962
0.33961987126335635
0.8893784232926321
0.8406796870629172
0.8169462378718366
0.9443783195732547
0.8165197592622151
0.8801783432640767
0.9119317993030095
0.9724096614604898
0.7124710269713936
0.7462175183093069
0.75
0.5167501310611431
0.9686257293927362
0.9649876157146362
0.6808162864312596
0.953547883754425
0.7456779550749758
0.6929932433302947
1.0
0.8421237810054102
0.8154997983858245
0.8994710077646549
0.7989542619889514
0.848284604305107
0.8480799461885175
0.7937033361837051
0.8288761791001059
0.7753796731504194
0.8670171358177821
0.7625189389915579
0.9446547245613509
0.511425077632581
0.991117846425559
0.9094778505179755
0.9578002304744209
0.92366336260516
0.40158380181242737
0.7733571902802913
0.781424282513171
0.6154480014943098
0.8262493043596395
0.8208128357943862
0.9752478441374766
0.8736069697454464
0.8883409365825404
0.9395035557955989
0.48176953483550145
0.864476588703001
0.9656655093821853
0.75
0.5323084522375391
0.9793876376422684
0.9568797621538933
0.8128937671750424
0.5483508657336482
0.9384676767813365
1.0
0.7383933127111078
0.7855019898565438
0.5388756506326273
0.6857906041987651
0.8392230368226059
0.8144838861298689
0.7712956047127493
0.9216032372736287
0.8978995303480032
0.7574142078636461
0.9327793037338815
0.8860105391602295
0.5075726032766362
0.17729392968298255
0.8463923231357879
0.974455162548299
0.7769246147437958
0.8518751946169416
0.6287770566428856
0.8557847299813018
0.9265355946993465
0.9067029378433559
0.8128635507757642
0.9857506964019606
0.770341121072635
0.6588006730653668
0.9861467336485508
0.8454510904248665
0.7835994443576582
0.7292954171214796
0.8839398899054537
0.8348174305789442
0.9752539148003966
0.9468259303467532
0.8354675090357381
0.36115583727027145
0.669475174856262
0.9007848387621843
0.9456073186812242
1.0
0.606131154581678
0.7670324189555034
1.0
0.5430795492905105
0.9549730768149712
0.6987479263830398
0.8374062885832705
0.9623514420118003
0.7571930409634863
1.0
1.0
0.9245289231480115
0.725925105840324
0.7778965059583687
0.9130144469932407
0.8932753802367153
0.9544440865007193
0.9122930233988598
0.8926135128511269
0.8799157178447722
0.9669913474188494
0.8593085538319111
0.8603656137996214
0.9453843142229201
0.3961807630317852
0.6224212331009538
0.9359971258337021
0.8550376504788975
0.8875463890965807
0.6388297258868998
0.8884976876888124
0.6618019920162426
0.8137458492495739
0.46707832826302664
0.6969780083842625
0.85973195158438
0.8954994420831436
0.6522290373993676
0.7883431501366827
0.8240159305726116
0.8782258790326731
0.6018814839843075
0.9821511024803663
0.8356248574634976
1.0
0.8141913284562843
0.257100413061627
0.49501060982230327
0.9514252703296939
0.9549730768149712
0.9438028783978646
0.8376084055921177
1.0
0.8543036911784532
0.9328610308293658
0.7520072306487418
0.8669242238989153
0.47857527500319164
0.841881489492514
0.4367817444936039
0.5984027919537999
0.8541576850717973
0.7960649168538342
0.9201596936498435
0.9666000185040569
0.8737860830094968
0.8020288436720528
0.7685851505712407
0.9111898354015756
0.7422479387415257
0.8061366517027682
0.8747974189690186
0.35828007960012614
0.8389160792552306
0.9712165828146289
0.8026689342096449
0.8652995598752621
0.6383932389037003
0.27141932521047557
0.7226563841900471
0.2884546561879293
0.9081813480255471
0.4118901059077924
0.9794283196137012
0.15478021769975683
0.9114275624060894
0.456923204399178
0.9592914510038699
0.7855423907873045
0.329201472598875
0.8437606849490643
0.3828713076366619
1.0
0.3928484521958546
0.7715060884494217
0.9049863398411799
0.6702712910189274
0.9340030520663402
0.6993439242539181
0.695111466519657
0.3874022032361977
0.9239587805914603
0.8402453668559462
0.6858935306221821
0.9151515107976669
0.750766671955297
0.7988266362400803
0.7092147541504344
0.9174498567873792
0.4068401150584591
0.8989102742585364
0.8364114414937113
0.7756994830859223
0.6552900867289013
0.4832832169071669
0.937529232822188
0.504702589868221
